10.000000 10.000000 10.000000 10.000000 10.000000
9.963934 10.150377 9.860004 9.857801 9.288103
9.640726 9.928214 9.930410 9.886774 9.049508
9.844620 10.260350 9.406760 9.160474 8.861097
9.525128 10.395093 8.664962 8.886294 9.414300
9.535319 10.158074 8.750771 8.735931 9.663780
9.757091 10.335401 8.505644 8.859423 9.858523
9.767383 10.326668 9.455412 8.968138 10.008974
9.611042 9.865679 9.498191 9.345030 9.890691
9.748901 10.043519 9.519059 9.412453 10.103093
9.808921 10.059278 9.118729 8.934429 9.885253
10.442936 9.814402 9.152695 9.026059 9.332449
10.554300 9.820173 9.506764 8.795636 9.612189
10.860076 9.892991 9.091612 8.715994 10.030730
11.095083 9.836072 8.931361 8.055935 9.850026
11.056978 9.963256 8.674710 7.605629 9.612414
10.956256 10.137966 7.746393 7.373059 9.659453
10.750695 9.883073 7.205613 7.723903 9.234365
11.142984 9.745860 7.229134 7.429848 9.140911
10.862719 9.920031 7.369707 7.670636 9.250454
10.064271 9.767999 7.610600 8.080001 9.691043
9.834326 9.636182 7.747862 8.473201 9.957292
9.679419 9.799426 8.360930 8.572222 10.008662
9.081573 9.988144 8.798795 8.293207 9.717680
9.096826 10.140749 8.870758 8.285994 10.001657
8.832476 9.701104 8.970920 8.347879 10.307121
8.828941 9.955180 8.708779 8.144486 10.472117
8.774729 10.001502 8.985098 8.084311 10.468532
8.574543 9.935498 9.201455 7.408992 10.607753
8.553176 9.705417 8.943987 7.559943 10.806921
8.806888 10.418089 9.024434 7.365685 10.292503
8.918668 10.588688 9.029092 6.979490 10.404768
8.697616 10.969216 9.089999 7.105868 10.205919
9.112685 10.833678 9.052883 7.556865 9.780434
9.351942 10.868564 9.424106 7.784119 9.873236
9.252824 11.288166 10.131605 8.277921 10.207087
9.452719 11.450195 10.220929 7.989445 9.846674
9.813232 11.306135 10.336910 7.886432 9.745761
9.827357 11.213467 10.498202 7.886081 9.906066
9.742792 11.100075 10.257628 8.013976 10.154544
10.085886 10.324012 10.331019 8.344471 10.571924
9.694744 10.414658 10.409938 8.320702 10.496914
9.656057 10.749766 10.062098 8.263217 10.512945
9.516380 10.485504 10.310697 8.624446 11.126558
9.538158 10.272228 9.855771 8.791888 11.633300
10.036470 10.385349 9.778748 9.001040 11.148148
10.033693 10.755772 9.673553 8.800058 11.024808
9.913110 10.747873 10.032765 9.025166 10.879781
9.819520 11.102965 10.290010 9.116062 11.007376
9.639237 11.038315 10.436161 9.131591 10.777492
9.165679 11.234314 10.595169 8.658898 11.041292
8.873536 11.353172 10.218234 8.518309 11.020155
9.109780 11.374039 10.082389 8.152849 11.126592
9.437726 11.316351 10.377176 7.974467 10.858655
9.045017 11.189965 10.540697 7.915458 10.738762
8.757997 10.981724 10.961856 8.037175 11.127560
9.222844 10.764577 10.924366 8.020079 11.104410
9.270236 11.198214 10.744573 8.516736 11.053460
9.222555 11.006033 10.202009 8.565556 10.974666
9.643946 11.267764 10.469540 8.826571 11.010919
9.052664 10.875820 10.436108 8.780101 11.548404
9.221262 10.587619 10.631027 8.282146 11.297696
9.217395 10.532700 10.923712 8.312383 11.041548
9.370649 10.339309 11.204779 8.542933 11.264675
9.016032 10.443773 11.546155 8.240389 11.033057
9.347331 10.729394 11.777087 7.973113 11.636098
9.513116 10.668154 11.205979 8.392623 11.790830
9.087556 10.633624 11.516767 8.194638 12.021610
9.054129 10.819052 11.188825 8.586664 12.272660
9.333366 11.022891 10.758838 8.138264 12.357017
9.268773 10.984832 10.694191 8.036145 12.388286
9.145226 10.925154 10.794741 8.193517 12.008315
8.835334 10.657508 10.836715 8.557700 11.471373
8.795843 10.826534 11.337108 8.666754 11.547163
8.471356 10.621443 11.261547 8.666747 11.037913
8.691788 10.469235 11.001794 8.466026 10.983573
8.667821 10.519860 11.539256 8.543915 10.524218
8.696482 10.634801 11.272411 8.788733 10.551792
8.677147 10.786792 11.115724 8.670432 10.353701
8.683078 11.171366 11.355576 9.175129 9.990507
9.020943 11.479194 10.761107 9.682974 9.625402
8.974571 11.520894 11.149093 9.689356 9.986253
9.368361 11.624739 11.472079 9.612957 10.331275
9.696138 11.688267 11.143222 9.533885 10.456583
9.830509 11.557614 11.332668 9.261802 10.428908
9.870279 11.450656 11.219489 9.653879 9.878454
9.888137 11.762973 10.863540 9.760281 10.057078
9.926223 11.498325 11.048875 9.646513 10.677205
9.375668 11.609579 10.921002 9.132168 10.150694
9.670280 11.692842 10.567650 9.122928 10.239242
9.603337 11.468145 10.761271 8.766212 10.281450
9.880360 11.794702 10.450937 8.641750 10.679341
10.176009 12.044147 10.449121 8.714359 10.167390
9.955085 12.297111 10.470512 8.669851 9.541865
9.968069 12.239840 10.352149 8.366483 9.813808
10.566816 12.314715 10.232918 8.855545 10.029093
10.530660 12.569340 10.490003 8.953877 10.453309
10.762998 12.787055 10.424234 9.067148 10.981245
9.910113 12.755791 10.365417 8.557697 10.459678
10.311609 12.416574 10.513474 8.224532 10.408611
10.232934 12.380525 10.137443 8.340907 10.269797
10.085631 12.566204 9.929664 8.114428 10.144390
9.963109 12.643774 9.909020 7.717804 10.536869
9.790616 12.814711 9.939475 7.587118 10.496330
10.268767 13.094208 9.858954 7.274530 10.207370
10.542425 13.222403 9.761906 7.414253 10.270379
10.689584 12.980885 9.931179 6.951108 10.214279
10.318805 13.150666 9.675046 6.141216 9.760978
10.486792 13.395217 9.782691 6.161625 9.453177
10.652120 13.147545 9.612208 6.008112 9.402119
10.611345 13.170484 10.019632 5.988961 9.317657
10.335005 13.422918 9.558721 5.708022 9.683183
10.040192 12.660989 9.669535 5.307529 9.851714
9.830657 12.507108 9.288853 5.449930 9.755412
10.104399 12.770515 9.248662 5.319390 9.854195
9.990382 12.985706 9.565347 5.485903 9.668091
10.349690 12.756037 9.396055 5.343811 9.387979
10.243243 13.069790 9.308180 5.213693 9.197607
10.142834 12.549552 9.241013 4.889014 9.029578
10.009099 12.658038 9.557498 4.919657 9.559413
9.927745 12.405775 9.998227 4.883459 9.613447
10.285224 11.869609 10.158176 5.210471 9.918917
10.448986 11.356548 9.679201 5.406792 9.750209
10.657791 11.102299 9.244733 5.109949 9.606415
11.054035 11.142826 9.108633 5.235785 9.690940
10.558663 11.283709 9.215422 4.851755 9.321026
10.827343 11.272976 9.205504 4.707767 9.024396
10.848600 11.714542 9.499854 5.231109 9.229968
10.541248 11.346284 8.997262 5.122788 8.647764
11.037583 11.378745 8.549966 5.230244 8.605441
11.253237 10.776468 8.760339 5.218709 8.570270
11.300785 10.473590 8.359161 4.878698 8.219140
11.256553 10.966077 8.697788 4.774920 8.248647
10.697385 11.271788 8.557602 4.822892 8.624090
10.870244 10.776224 8.788835 4.592873 8.859799
11.611862 10.480926 8.925855 4.691658 9.489002
11.852795 10.314686 8.634274 4.453153 9.009773
11.266156 10.511304 8.735045 4.316896 9.513221
10.954350 10.112049 8.965502 4.616222 9.438545
10.316334 9.987460 8.867972 4.688230 9.773277
10.015088 9.917755 9.302629 4.835844 9.794328
9.969103 10.036178 9.636601 4.958707 9.929046
9.890127 10.063259 9.624778 5.375917 9.822184
10.240444 10.725869 9.723416 5.521685 9.685321
10.511053 10.270601 9.724914 5.186354 9.452846
11.121840 10.033196 9.958848 4.942256 9.273003
10.972184 10.299559 10.236611 5.254023 9.357636
10.651136 10.347817 10.047654 5.846184 9.315044
10.748402 10.802199 9.588172 6.149542 8.869501
10.841552 11.581125 9.927461 6.468078 8.596046
10.206481 11.574034 10.059912 6.021065 8.696716
10.160700 11.465365 9.630166 5.943826 8.888445
10.519273 11.519427 9.714760 5.750986 8.943560
10.989600 11.579291 9.545413 6.019288 8.462626
10.871394 11.100920 9.383635 6.022406 8.553580
11.188256 10.944919 9.668649 6.169275 8.868919
11.432876 10.999140 9.530785 6.350900 8.969973
11.507287 10.787413 9.987002 6.763739 8.954273
11.628861 10.602726 10.447831 7.339454 8.447794
11.631537 10.924658 10.931713 7.261244 8.371357
11.565759 10.903574 11.008793 7.076059 7.854983
11.124638 11.127365 10.865556 7.115199 7.929710
11.193168 11.256690 10.752096 7.179266 7.994785
11.627533 10.380698 10.485833 6.918549 8.324787
11.891276 9.964727 10.994244 6.713556 8.357620
11.642340 9.753954 11.145993 6.753989 8.279228
11.215869 9.979456 11.492522 6.781108 7.853027
11.021550 10.149916 11.123649 6.987936 8.424194
10.928638 10.061708 11.063141 7.311695 8.428455
10.780312 10.122130 10.996101 7.465103 7.818805
10.532171 10.205551 10.731225 7.964356 7.070791
11.205347 9.747272 10.360232 8.174264 6.644995
10.458478 9.446218 10.326014 8.542564 6.800104
10.534684 9.476365 9.769809 8.735545 6.893610
10.455340 9.562955 9.965696 8.410705 6.647428
9.916452 9.455266 9.789187 8.337796 6.346822
10.164884 9.335789 9.501249 8.467296 6.814409
10.161934 10.084424 9.367000 8.651929 7.223961
10.015838 9.928763 9.660251 8.564114 6.957672
10.092395 9.405070 10.374938 8.754011 6.998955
10.596162 9.629999 10.313042 8.148091 6.729420
10.541106 9.507966 10.516053 7.728316 6.531485
10.474406 9.554893 10.458092 7.600785 6.180423
10.191517 9.491293 10.573812 7.821526 6.247234
10.278119 9.807228 10.109434 7.771200 6.306006
10.130653 9.977289 10.178530 7.942133 6.690429
9.661298 10.193648 10.191313 7.572748 6.422347
9.734400 10.124086 10.437119 7.765519 6.092513
9.845919 10.209198 10.096693 7.937661 5.836248
10.437370 10.777817 9.888569 7.780102 5.996532
10.265436 11.290725 9.861956 7.413216 5.646102
10.335128 11.033240 9.638195 7.540867 5.670821
9.906577 11.253996 9.221901 7.413981 5.457509
9.828231 11.285768 8.950861 7.159862 5.483270
9.454899 11.210973 8.659757 7.502726 5.117559
9.720767 11.220339 8.787001 8.257438 5.538306
9.869297 11.562654 8.749272 8.036027 5.952995
9.645006 11.493465 8.706827 7.835392 5.899705
9.887508 11.533445 8.394916 7.441879 6.272598
10.113213 11.768692 8.393955 6.999840 6.196961
10.357219 12.052585 7.705539 6.466087 6.352368
10.321862 11.771716 7.404356 6.323455 6.528391
10.336078 12.090412 7.316075 6.194125 6.291782
10.530009 11.217437 7.799032 6.410574 6.093836
10.177225 10.984736 7.618730 6.495001 6.031153
9.788498 11.033034 7.491116 5.989961 5.874191
9.601392 10.933366 7.754623 6.087214 5.533369
9.509327 11.075033 7.567059 6.259256 6.019236
9.419000 11.050982 7.644812 6.136700 5.974723
9.539274 11.587297 7.198442 5.831317 5.977383
9.582869 11.687064 7.564951 5.470217 5.761865
9.538609 11.422351 7.654298 5.319518 5.911053
9.550103 11.521293 7.772889 5.106742 6.053783
9.520409 11.080640 8.284297 4.681957 6.458430
9.535628 11.408542 8.366651 5.126430 6.421029
9.314691 11.865744 8.694515 5.409021 6.261920
9.324764 12.489016 8.427888 5.611173 6.233741
9.111337 11.859142 8.315713 5.563930 6.410336
9.269873 11.668347 8.215989 5.429733 6.488416
9.189940 11.734158 7.850194 5.753196 6.509901
8.949484 11.794819 7.968412 5.681219 6.455415
9.186988 11.753382 7.956922 5.211014 6.556235
8.654223 12.409640 8.080739 5.265515 6.176023
8.890592 12.767877 7.863288 5.193102 6.313401
9.196655 13.115702 7.412817 5.462573 6.298082
9.143019 12.874994 7.848411 5.259834 6.516123
9.313730 12.714597 7.562013 5.258081 6.265052
8.846860 12.482258 7.324844 5.332794 6.351001
8.766527 12.481469 7.542172 5.231057 6.286416
8.272440 12.590639 8.486956 4.941715 6.099686
8.088988 12.378856 8.477853 5.445531 6.085711
8.131822 12.039394 8.590434 5.790158 6.065316
7.694726 12.370277 8.258863 5.752883 6.548495
7.817471 12.554033 7.985780 6.017467 6.588836
8.028468 12.507634 7.979415 5.692014 7.084946
7.804041 12.641941 7.845054 5.501812 7.197701
7.152717 13.336880 7.542101 5.791865 7.473697
6.851444 13.287374 7.720590 5.887593 7.715160
7.010588 13.177272 7.725121 5.684651 7.339858
6.538736 13.580223 7.663221 5.242731 7.507279
6.867375 13.917238 7.568162 5.321760 7.960851
7.235759 14.000961 7.649704 5.337642 7.983047
7.246937 14.070724 7.974371 5.117488 7.829244
7.574357 13.968397 8.186498 5.857631 7.963491
7.151909 13.582662 8.166890 5.412311 7.809217
6.712521 13.244127 8.143231 4.845978 8.003614
6.743427 13.587489 7.430333 4.760698 7.868690
6.819017 13.704442 7.457804 4.221104 7.872854
6.670415 13.949502 7.325940 3.946934 7.853567
6.463759 13.584392 7.790676 3.483480 7.592615
6.060437 13.292092 7.948696 3.761494 7.578258
6.010240 13.519254 8.003016 4.015859 7.260740
5.566455 13.952430 7.546668 4.034191 7.652936
5.590783 14.191514 7.328289 4.238271 8.029943
5.471884 14.043541 7.694458 4.299470 7.974261
5.594431 14.153130 7.699940 4.352955 8.237146
5.030576 14.532080 7.679068 4.055389 8.370412
5.151133 15.256363 7.355715 4.240856 8.082925
5.127453 14.949050 7.302316 4.486180 7.943757
5.294543 15.050306 6.896615 4.569433 8.060229
5.349304 14.832393 6.394161 4.726693 7.736790
5.433829 14.962525 5.871768 4.606698 7.492300
5.798684 15.264129 6.197979 4.746494 7.607588
5.598370 14.847107 6.245608 4.367700 7.761185
5.521517 15.048326 5.951730 3.963293 7.569421
5.862602 14.717245 5.463653 3.969321 7.432144
6.164457 14.580128 5.229948 4.192090 7.145985
6.008996 14.963884 5.143386 3.951039 7.180763
5.698987 14.387942 5.174181 4.128322 7.230289
5.592613 14.170441 5.339990 3.930289 7.059134
5.455457 13.947240 5.893420 3.697135 6.957347
5.348418 13.972545 5.956240 3.381023 7.061483
5.368955 14.146908 5.795573 3.067337 7.060975
5.335851 14.135194 5.760431 3.072081 7.242875
5.357940 13.776488 6.261366 2.888182 7.665069
5.323943 13.934929 6.397446 2.907122 7.181407
5.539167 14.202770 6.237550 3.002915 7.392162
5.640607 13.443490 6.624543 3.103922 7.650928
5.970691 13.542927 6.391196 3.181204 7.315851
5.617799 13.872402 6.440424 3.310208 7.691645
5.638792 14.038205 6.190931 3.629765 7.851943
5.938487 13.843742 6.732256 3.638924 7.758211
6.653193 13.799852 7.119458 3.450146 7.484358
6.820055 13.301892 7.180884 3.303749 7.542858
7.393439 13.273806 7.458307 3.412344 7.929596
7.623579 12.766900 7.497183 3.541262 7.903993
8.165200 13.074292 7.469314 3.628823 8.176579
8.198927 13.086972 7.151709 3.124894 7.905964
7.343313 12.571206 7.485778 2.533579 8.189308
7.350776 12.116782 7.014349 2.710905 8.704336
7.203886 11.517772 7.324999 2.950150 8.663526
7.831578 11.686424 7.330032 3.063049 8.690931
8.126000 11.886729 7.201455 3.042587 8.917311
8.104034 11.610480 7.492230 2.877741 8.993062
8.562651 10.932203 7.569663 2.916372 8.706042
8.525170 10.890861 7.371193 3.158361 8.933329
9.094003 11.077985 7.277650 3.200804 8.645365
8.793491 11.310301 7.076636 2.933556 8.727535
9.077299 12.209531 7.372031 2.994008 8.184975
9.150948 12.099297 6.972641 2.904752 8.594592
8.623451 12.090013 6.646892 2.600996 8.562263
8.778295 12.201832 6.402994 2.539135 8.727529
8.359803 12.595327 6.782515 2.108138 8.295323
8.453531 12.612531 6.416661 2.173145 8.519296
8.390899 12.234633 6.031986 1.592763 8.489392
8.548816 12.384451 6.164154 1.635180 8.259349
8.603995 12.095809 6.272386 1.728970 8.001395
8.714499 12.483052 5.781583 1.946637 7.930090
8.509859 12.281941 5.707535 1.856502 8.362453
8.870527 12.292546 5.696313 1.746280 8.705645
8.653393 12.104062 5.425354 1.670506 8.562688
8.887964 11.707037 5.099129 1.823405 8.768864
8.347375 11.821292 5.401530 1.766133 8.780615
8.762213 11.741310 6.056024 1.743415 8.938910
8.751466 11.773625 6.178794 2.012607 9.504984
8.688001 11.547963 6.584961 1.923050 9.503644
8.626454 11.167615 6.993184 1.762957 9.930354
8.271766 11.191104 7.114501 1.902101 9.805211
7.715790 11.040990 7.097156 1.884402 9.867588
7.567706 10.652165 6.850239 1.702581 10.108769
7.619257 10.422613 6.058974 1.835763 10.399927
7.100130 9.832523 5.551701 1.918718 10.580213
7.152330 9.567961 5.556662 2.110592 10.457840
7.522736 9.517141 5.880143 2.209199 10.975004
7.626512 9.472344 5.716403 2.307784 11.422425
7.661915 9.087933 6.247753 2.255178 11.617817
7.854998 9.126545 6.146230 1.933041 11.707684
7.806421 9.103339 6.352455 1.612476 12.039470
7.867012 8.900467 6.027897 1.434467 12.079217
7.762086 8.652530 6.001651 1.443694 11.918999
7.816538 7.987954 6.330578 1.218881 11.762543
8.333475 7.909854 6.201100 1.192158 11.882212
8.087574 7.919314 5.923966 1.041580 11.611625
8.255596 7.775605 5.865274 1.030573 11.508987
8.451116 8.321019 5.943520 1.217996 11.769872
8.441843 8.414278 5.829576 1.272973 12.345234
8.725749 8.556049 5.522311 1.239458 12.728916
9.169944 8.833954 5.466637 1.119298 12.762299
8.880221 8.775458 5.156339 1.054509 12.456321
8.867884 9.229618 5.378345 1.060651 12.590103
8.628329 8.336397 4.935035 1.138163 12.276342
8.312473 8.033063 4.916596 1.208335 11.863139
8.729496 8.074977 4.960483 1.188132 12.033547
8.706614 8.029308 4.730485 1.497053 11.809990
7.618064 8.523756 4.736812 1.379562 11.809762
7.569908 8.075017 4.882692 1.236954 11.931930
7.348451 8.393845 4.644139 1.103731 11.867600
7.445415 8.423837 4.594119 1.038585 11.869276
7.059520 7.818374 4.625594 1.033137 12.291835
6.538482 7.451541 4.699903 1.293447 12.490760
6.877718 7.029136 4.564618 1.137174 12.680649
6.566946 7.176023 4.432413 1.201396 12.948002
6.656204 6.940328 4.611693 1.311769 13.046439
6.527408 7.123784 4.567615 1.605281 13.264388
6.857412 6.993594 4.628785 1.697000 13.026006
7.493569 7.026903 4.307685 2.058460 12.759629
7.406053 6.728499 3.995560 2.146984 12.888301
7.245938 7.208355 3.839397 2.279723 13.564980
7.584301 7.001333 3.463205 2.058451 13.740203
7.323880 6.871469 3.332201 1.637299 13.192668
7.202938 7.120710 3.240895 2.007545 12.847207
6.843907 7.483969 3.503647 2.089542 12.481216
7.168192 7.124623 3.164814 2.021524 12.495137
7.383095 6.923154 3.313248 1.718785 12.347396
7.435771 6.178144 3.245266 1.827405 12.579908
6.934427 5.698776 3.042455 1.604565 12.155511
6.970063 5.738920 3.303893 1.624691 11.951400
7.095158 5.323274 3.527666 1.721044 12.204736
7.405214 5.653096 3.623124 2.259818 12.076857
7.056322 5.422556 3.461693 2.359652 11.487645
7.014389 5.492708 3.232279 2.845487 11.851151
7.331431 5.685129 3.211045 3.045099 11.575322
7.510613 5.531340 3.193481 3.280765 11.809552
7.221566 5.185873 3.893014 3.652154 11.960056
6.882319 4.982599 3.439280 3.801699 11.833351
6.611732 5.087061 3.250979 3.750962 11.511796
6.833943 5.161737 3.507159 3.793645 11.421822
6.644684 5.689862 3.578594 3.865228 12.028542
6.588994 5.684154 3.681279 3.533169 11.768572
6.039193 5.910080 3.578798 2.816791 11.756553
6.509994 5.915558 3.617595 2.592515 11.633389
6.240384 5.887317 3.807779 2.685244 11.420451
5.850733 6.074469 4.042584 2.462117 11.612283
5.573802 6.145029 4.126516 2.111312 11.844695
6.249865 6.843046 4.579489 2.008864 12.064527
6.546478 7.019012 5.017615 2.257667 11.733416
6.625294 6.847897 5.513586 1.930358 12.006824
6.656365 6.731930 5.499231 2.035027 11.909190
6.255242 6.989762 5.337952 2.320321 11.510137
6.480178 6.568417 5.120941 2.351025 11.040082
6.627478 6.880170 5.105792 2.473823 11.223857
6.982808 7.180389 4.795463 2.301122 11.300802
7.381909 6.935037 4.497976 2.242101 11.538967
6.806588 6.923303 4.276249 2.263507 11.539200
6.920553 7.266422 4.060647 2.545387 11.505221
6.429447 7.736558 4.321290 3.191618 11.558360
6.303860 7.959595 4.472079 3.435769 11.452996
6.429781 8.465839 4.053644 3.461821 11.560152
5.850707 8.502745 3.931396 3.071685 11.957006
5.437028 8.678112 3.670059 3.048463 11.423665
5.595932 8.672605 3.568362 3.025104 11.355653
5.728938 8.856064 3.663297 2.935299 10.746830
5.610274 8.732294 3.898006 3.182396 11.069275
6.040030 8.805880 3.883637 3.142736 10.657435
6.350831 8.534062 3.794136 2.755845 10.810675
6.207309 8.565566 4.161411 2.610187 11.152021
6.768620 8.429265 4.288956 2.866760 10.920909
6.631421 8.266096 4.549589 3.127660 11.010374
6.682566 8.837152 4.515158 3.136542 10.830828
6.447736 8.760416 4.459657 2.613172 10.499418
6.288455 9.055434 4.637665 2.779930 10.206459
6.348757 9.344104 5.020986 2.927530 10.182987
6.601560 9.347304 5.170081 2.455652 9.531916
6.789254 9.497892 5.086436 1.995747 9.545986
7.307539 9.316416 5.153630 1.847508 9.164012
6.908007 9.547159 4.857689 1.747570 9.346679
6.820610 9.711833 5.020305 1.866284 10.166985
6.555706 9.105341 4.928121 1.540180 10.145988
6.320980 9.049871 4.699795 1.606088 9.949605
6.483041 8.775829 5.141364 1.621350 10.141073
6.475626 8.773545 5.035024 1.477464 10.070882
6.669226 9.168278 5.211689 1.576572 10.249481
6.476821 9.308919 5.145943 1.659193 10.570396
6.501589 9.221222 5.567936 1.750076 10.253035
6.653576 9.056319 5.599336 1.911712 10.194676
6.655774 8.835670 5.538831 2.073979 10.878781
6.341862 8.708068 5.144052 2.098364 11.132025
6.044864 8.829547 5.635910 1.965595 10.979615
6.049551 8.006806 5.886610 2.048827 10.662015
5.749316 8.081508 6.476885 2.118857 10.731873
6.199560 7.760215 6.445589 2.370508 10.648299
6.478701 7.773630 6.742829 2.470020 10.326050
6.597966 7.872827 6.406697 2.073047 10.022183
6.517650 7.436003 6.526734 2.332065 9.326446
6.289200 7.355547 6.395078 2.570701 9.217127
6.463521 6.978568 6.693716 2.737161 9.336936
6.936651 7.054699 6.298598 2.943804 9.513428
6.848957 7.374014 5.401613 3.047036 9.495230
6.758204 7.295096 5.375835 2.579075 9.274731
6.975526 6.762153 5.112319 2.831732 8.880782
7.072375 6.878494 5.255718 2.702841 8.886965
7.447514 7.123235 5.227320 2.822547 8.982688
7.151132 7.125253 5.464884 2.844103 9.105523
6.956408 7.026315 5.291814 2.635456 9.427826
7.218893 6.731349 4.942326 3.115569 9.393441
7.022940 6.843884 4.098545 2.929454 9.248418
7.170007 6.909808 3.926523 3.323881 9.469517
7.066934 7.039851 3.590728 3.661099 9.604282
7.496824 6.693487 3.728035 3.399061 9.715867
7.455362 7.341461 3.477244 3.577734 9.395446
7.532943 7.326280 3.380114 3.186662 9.514350
7.351160 7.059129 2.910427 2.834616 9.646521
7.538214 7.125443 2.946453 2.387076 9.339595
7.731168 7.336924 2.539129 2.716550 9.574065
7.677976 7.373744 2.318285 2.518588 9.495081
7.226861 7.598824 2.143051 2.883490 9.614825
7.593594 7.533033 2.184205 2.854567 9.182315
7.763999 7.349647 2.486670 2.988960 8.801576
7.588142 7.338206 2.139177 3.141799 8.786030
7.245523 7.099067 2.359784 3.526420 8.625430
7.697537 6.959570 2.277267 3.172449 8.503733
7.878765 7.166545 2.615705 2.870757 8.416889
7.805574 7.466944 2.682762 2.832367 8.244923
8.141843 7.444067 2.714293 2.788490 7.950275
8.034222 7.354623 2.927600 2.519848 7.903245
8.305473 7.615333 3.432476 2.489406 7.825503
7.749314 7.520714 3.609114 2.532858 7.336842
7.851579 7.540108 3.901586 2.735934 7.270149
7.962582 7.962305 3.785650 2.339454 7.765104
7.395699 7.563779 3.619683 2.264734 7.672817
7.154311 7.463705 3.895723 2.561461 7.329663
7.205522 6.833849 3.441036 2.548027 7.373428
7.292962 6.117207 3.228142 2.528409 7.393235
7.450809 5.955216 3.510538 2.359665 7.971812
7.840638 5.645700 3.577083 2.120185 8.168065
7.618503 6.077394 3.393594 2.289191 7.928640
7.508870 5.540375 3.408863 2.631625 7.938325
7.431644 5.763292 3.569315 2.418915 7.484014
7.907132 5.646775 3.482379 2.491272 7.664898
8.128680 5.641779 4.423119 2.066448 8.014242
7.810329 5.799776 4.419141 1.965087 8.613988
7.696602 5.299279 4.907811 1.878196 8.738467
7.546942 5.401902 4.770915 1.996978 8.938824
7.377037 5.618006 4.961483 2.000916 8.540268
7.415388 5.231825 4.901218 1.968700 9.223495
7.561359 4.913034 5.172490 2.121931 9.152116
7.138015 5.055807 4.843275 2.255603 9.009573
7.054603 5.681813 4.940455 2.060791 8.521784
6.618699 5.649984 4.530894 2.009449 9.211237
6.626133 5.284726 4.433050 1.706704 9.352395
6.845416 5.720149 4.339960 1.790970 9.704860
6.936128 5.654202 4.177895 1.778258 9.784608
7.233466 5.809170 3.900026 1.920449 9.743817
7.668807 5.575476 3.882065 1.883385 9.833494
8.044375 5.780528 3.682044 1.780042 10.222899
7.747559 5.657391 3.754227 1.568030 10.842365
7.795230 5.893530 3.785096 1.446800 10.939477
7.834083 5.842166 4.022256 1.620167 11.210457
7.508488 6.011470 4.223779 1.635061 11.521818
7.422119 5.993141 4.350787 1.332209 11.711188
7.667234 6.310357 4.332037 1.253021 12.228299
7.821180 5.815441 4.150058 1.009853 11.508814
7.746986 5.593212 3.825227 1.036035 11.283310
8.289620 5.239186 3.987666 1.032513 11.387465
8.146390 5.441900 3.562859 1.024424 11.235376
7.447451 5.308122 3.207457 1.032408 11.103191
7.223316 5.073371 3.577712 1.021262 11.088279
7.668280 5.030442 3.715175 1.025392 11.179706
6.842260 5.403873 3.970004 1.028035 11.169878
6.610005 5.340648 4.212906 1.083945 11.524865
7.096996 5.738648 4.492726 1.299374 11.751662
6.912271 5.670261 4.555327 1.108170 12.069308
6.458373 6.035711 4.524502 1.143781 11.966625
6.698961 6.053745 4.498588 1.023132 11.807335
7.102677 6.187726 4.946734 1.105433 12.305442
6.521639 6.146301 4.872744 1.091567 11.819863
6.497425 6.301497 4.602162 1.114307 11.443879
6.407896 6.260671 4.793619 1.113837 11.480464
6.120772 6.587453 5.143824 1.095068 11.201669
5.800227 6.561041 5.351981 1.190285 11.164164
5.641473 6.959427 5.200679 1.077971 10.847359
5.245010 7.267791 4.893026 1.208804 10.653602
5.302785 7.417054 5.394556 1.121665 10.305846
5.998223 7.006745 5.657105 1.136164 10.817108
6.088094 6.633978 5.641126 1.393801 10.929567
5.967039 6.883906 6.002948 1.404104 11.041204
6.070671 6.942962 6.047840 1.366931 11.149923
6.822315 7.008534 5.949405 1.344566 11.286927
7.074023 6.613530 5.699453 1.143306 11.262167
7.334219 6.712937 5.842965 1.361264 11.047823
7.469692 6.588060 5.959395 1.134804 10.592209
7.818531 6.571251 5.558327 1.028875 10.751840
7.579180 6.514923 5.720239 1.026965 10.134418
7.934393 6.429608 6.107930 1.036495 9.992690
7.313792 6.459315 6.778520 1.021439 9.614158
7.751984 6.197218 7.217199 1.064781 9.671150
8.194416 6.700230 7.063482 1.070522 9.393156
8.163199 6.514012 6.668002 1.061657 9.581002
8.070640 6.281065 6.687156 1.092408 9.337341
7.987949 6.223269 7.222743 1.043341 9.509855
7.630533 6.200079 6.918094 1.173080 9.509471
7.397916 6.487499 6.852894 1.092488 9.789862
7.798489 6.267753 6.731427 1.107353 9.882226
7.751947 6.084906 6.707907 1.176722 10.223570
7.515360 5.900407 6.561215 1.114205 10.383249
7.715579 6.174844 6.249593 1.102582 10.667633
7.171613 7.008020 6.339296 1.093349 10.859612
6.966854 7.175597 6.595065 1.146564 10.565682
6.982277 7.500479 6.521119 1.014483 10.101115
7.018695 7.341560 6.745846 1.023881 10.215711
6.737431 7.562311 6.583965 1.070452 10.574362
7.080742 7.968764 6.697283 1.054315 10.705294
7.130205 8.317633 6.495631 1.105007 10.488109
6.986709 8.523595 6.211931 1.204402 10.413245
6.761372 8.233384 6.023621 1.314302 10.640412
6.575255 8.307437 5.940285 1.255190 11.017723
6.617690 8.726350 6.082487 1.327021 11.431277
6.609445 8.327357 6.463890 1.174946 11.165785
6.628389 8.502874 6.846322 1.343028 11.508545
6.240415 8.624217 7.042774 1.329344 11.457837
6.152285 8.921602 7.254397 1.245533 11.269733
6.371790 9.055858 7.848056 1.092539 11.413881
6.702233 8.926746 7.750874 1.009201 11.621426
6.437193 8.563080 7.652145 1.026006 11.729600
6.584654 8.770322 7.705471 1.120821 11.310733
6.736477 9.239467 7.850627 1.194729 11.108990
6.448205 8.985323 7.679813 1.141561 11.233096
5.635468 9.319271 8.014002 1.321341 11.123624
6.065129 9.292202 7.710695 1.309264 11.397500
6.031825 9.303135 7.694225 1.190187 11.670394
5.781113 9.124649 7.821110 1.559684 11.777502
6.015610 9.048864 7.845386 1.630034 11.490460
6.109578 8.786055 7.872308 1.598107 11.796044
6.153077 9.119170 8.003456 1.210988 12.153722
5.880903 8.620765 7.844134 0.999227 12.314177
5.916407 8.779497 7.715145 -nan 11.972722
6.200992 8.969832 7.199877 -nan 12.085355
6.412576 8.982039 6.871391 -nan 11.613415
6.406979 9.403113 6.893955 -nan 11.927441
6.868437 8.800331 7.043472 -nan 11.820111
6.958319 8.720283 6.671549 -nan 11.675706
6.839667 8.961142 6.942910 -nan 11.661208
6.514700 9.081410 6.509591 -nan 11.855885
6.429933 9.321026 6.271578 -nan 12.031052
6.564245 9.341087 6.296871 -nan 11.734949
6.708706 8.830479 6.779809 -nan 12.088278
6.944219 8.897827 6.601492 -nan 12.038568
6.686567 8.869220 6.756705 -nan 12.236743
6.703780 9.265724 6.480512 -nan 12.298509
6.503861 8.656335 6.594815 -nan 12.497026
6.799183 8.784392 6.808467 -nan 12.300715
7.007139 8.933111 6.488465 -nan 12.870645
7.375229 8.812615 6.348537 -nan 12.972550
7.330798 9.030518 6.524836 -nan 13.142345
6.985294 8.846786 6.020466 -nan 13.142446
6.895704 8.850789 5.913036 -nan 12.773632
6.562616 8.603378 5.896877 -nan 12.798352
6.221399 8.662486 6.090755 -nan 12.345408
5.833995 8.928315 6.168276 -nan 12.859354
6.150213 8.694469 5.880545 -nan 12.691170
5.754437 9.129821 6.321869 -nan 12.673987
5.281486 9.129662 6.223615 -nan 12.234967
5.265554 8.523097 6.172289 -nan 11.830565
5.029835 8.895145 6.463495 -nan 11.813044
4.806272 8.823235 6.631946 -nan 12.289187
5.130416 9.197958 7.032368 -nan 12.081572
5.176885 9.248350 7.319862 -nan 11.399661
5.431780 9.275232 7.674173 -nan 11.222289
5.469212 9.219191 7.888692 -nan 11.442318
5.860275 8.851734 7.908291 -nan 11.662092
5.662126 8.190991 8.518074 -nan 12.088652
5.852631 7.958645 8.059593 -nan 12.105754
6.211891 7.702216 8.184211 -nan 11.920870
6.160756 6.982323 7.804276 -nan 11.477359
6.268532 7.431756 7.963031 -nan 10.949364
6.437214 7.536047 8.160146 -nan 10.894705
6.241329 7.831845 8.165437 -nan 10.323286
6.215404 7.780245 8.420453 -nan 10.343411
6.116242 7.907954 8.309556 -nan 10.738252
6.231482 7.593408 8.738963 -nan 10.922770
5.870534 7.562107 8.920910 -nan 10.963216
6.298082 7.706325 9.429538 -nan 10.749782
6.375333 7.815089 8.978882 -nan 10.397688
6.562306 7.404322 8.905575 -nan 10.372614
6.664391 7.211828 9.164380 -nan 10.263102
6.664984 7.446649 9.064307 -nan 10.257709
6.725428 7.475731 9.078754 -nan 10.738920
6.966734 6.798975 9.083936 -nan 10.679928
7.283705 6.778286 8.683263 -nan 10.426746
7.127823 6.428820 8.149385 -nan 10.628322
6.892188 6.341826 8.099231 -nan 10.894739
6.836432 6.072068 8.318183 -nan 11.129254
7.067179 6.379889 8.559824 -nan 10.906877
7.099452 6.315918 8.437477 -nan 11.176641
7.364483 6.761388 8.115686 -nan 11.415145
7.111325 6.891777 8.183543 -nan 11.577523
6.885141 7.438592 8.028972 -nan 11.505732
6.720688 7.575021 8.543986 -nan 11.777159
6.148589 7.468973 9.088163 -nan 12.009536
6.440303 7.118259 9.067118 -nan 11.717249
6.593845 7.186076 8.813074 -nan 11.241769
7.069670 6.830834 8.808363 -nan 11.190006
7.151162 6.789693 8.548339 -nan 11.315510
6.999507 6.921512 8.779950 -nan 11.347584
7.423064 7.406246 9.197803 -nan 11.390131
7.719031 7.074312 9.276354 -nan 11.670982
8.091656 7.542482 9.180672 -nan 11.813588
7.812939 7.807734 9.617186 -nan 11.766517
7.499987 8.216143 9.644870 -nan 11.480392
7.480065 8.531537 9.825247 -nan 11.057722
7.588133 8.644682 9.410143 -nan 11.546220
7.718884 8.270694 9.378685 -nan 11.254769
8.098458 8.452050 9.444808 -nan 11.398993
7.671235 8.365074 9.398821 -nan 11.284057
7.216660 7.557177 9.412985 -nan 11.179929
7.741504 7.109167 9.407992 -nan 11.306684
7.898253 7.659038 9.192684 -nan 11.195705
7.417673 7.546419 8.981583 -nan 11.014485
7.554446 7.088255 9.104014 -nan 11.220619
7.671815 7.392133 8.647924 -nan 10.679383
7.544008 7.475658 8.712879 -nan 10.478273
7.700407 7.498277 9.059502 -nan 10.640106
7.376696 6.882578 9.482602 -nan 10.276687
7.322455 6.699913 9.777607 -nan 10.508818
7.130057 6.921427 9.565748 -nan 10.697222
6.694867 6.472670 9.382657 -nan 10.853418
6.685158 6.431606 9.017650 -nan 10.462759
6.913822 6.438448 9.252331 -nan 10.079310
6.828903 6.582557 9.273087 -nan 10.006314
6.926310 6.714089 9.151850 -nan 9.884241
6.914660 7.061019 8.887654 -nan 9.770573
6.598106 7.102625 8.431407 -nan 9.710243
6.666737 7.150028 8.414629 -nan 9.493098
6.422562 7.142189 8.179409 -nan 9.032782
6.423132 7.105673 8.016021 -nan 9.219818
6.301148 6.961082 8.190380 -nan 9.310992
5.983066 6.846722 7.859520 -nan 9.198828
5.840948 6.984676 7.753734 -nan 8.736204
5.654164 6.707571 7.698648 -nan 9.176234
5.465335 6.609823 7.894150 -nan 8.845572
5.687906 6.884247 8.123302 -nan 8.521666
5.939713 7.116458 7.679724 -nan 8.129283
6.766486 6.907956 7.105694 -nan 8.161002
6.463503 7.043840 6.904698 -nan 8.269323
5.955213 6.817417 6.864658 -nan 8.230771
5.994441 6.573754 6.203130 -nan 7.864755
6.228714 6.719675 6.095839 -nan 7.175962
6.592020 6.213048 6.167429 -nan 6.605674
6.474693 6.225200 6.050354 -nan 6.762492
6.325486 6.103423 5.661986 -nan 6.679091
6.581932 5.870677 5.747013 -nan 6.917999
6.652882 5.841576 5.369794 -nan 6.929093
6.491969 6.160432 5.212078 -nan 6.696308
6.349223 6.352935 5.388574 -nan 7.093699
6.223946 6.720490 5.256755 -nan 6.918769
6.316004 6.523052 5.495590 -nan 7.103092
6.242356 6.762017 5.959412 -nan 7.134344
6.183972 6.820742 5.587219 -nan 6.998106
6.089225 7.175569 4.988352 -nan 7.441298
6.406507 7.045027 4.581556 -nan 7.393879
6.421900 7.293767 5.005301 -nan 7.137327
6.471567 6.986416 4.850521 -nan 6.543976
6.481964 6.054796 5.248451 -nan 6.844893
6.638787 5.589529 5.653443 -nan 6.838162
6.910683 5.444338 5.220440 -nan 6.842603
6.528671 5.304512 5.336656 -nan 6.668120
7.003519 5.457007 5.710616 -nan 7.544696
6.796084 5.587682 5.394131 -nan 7.195011
6.054095 5.951160 5.592806 -nan 7.176580
5.887157 6.012872 5.465465 -nan 7.208412
6.144452 5.817955 5.209108 -nan 7.047449
5.409828 5.730564 5.284908 -nan 7.134957
5.146941 6.016343 5.225531 -nan 6.846956
5.731969 5.929321 5.244571 -nan 7.278909
5.599292 6.008726 5.539665 -nan 7.298225
6.141431 6.047075 5.582666 -nan 6.506027
6.344688 5.984832 5.512313 -nan 6.062286
5.973548 6.190993 5.662866 -nan 5.685053
6.231368 5.902782 6.052022 -nan 6.035038
6.033363 5.718740 6.047593 -nan 5.633166
5.804850 5.643052 6.072442 -nan 5.482308
5.751149 5.334331 6.091409 -nan 5.645006
6.238389 5.122063 6.395977 -nan 5.198580
6.200047 5.146451 6.806136 -nan 4.921731
6.267032 4.986090 6.331617 -nan 4.477142
6.187667 4.894041 6.830801 -nan 4.341254
6.755421 4.646130 6.336008 -nan 4.138523
7.122468 4.911089 6.350244 -nan 4.175722
7.130018 4.421936 6.113734 -nan 3.986372
7.532346 4.508079 5.773993 -nan 4.156901
7.378931 4.754893 5.808006 -nan 4.438003
7.998808 4.882583 5.881479 -nan 4.535570
7.791986 4.929681 5.710385 -nan 4.333951
7.536377 4.585275 5.631424 -nan 4.082104
7.808843 4.101945 5.630662 -nan 4.574258
7.961532 4.016195 5.643876 -nan 4.307080
7.792877 3.711472 5.802483 -nan 4.194657
8.120211 3.266050 5.677407 -nan 4.615044
7.998370 3.349363 5.655131 -nan 4.708537
8.147973 3.680384 5.934616 -nan 4.852066
8.036358 3.929611 5.781715 -nan 4.655080
7.889635 3.815304 5.581395 -nan 4.709953
8.336643 3.471366 5.696903 -nan 4.075218
7.834524 3.653887 5.978552 -nan 4.344503
7.485749 3.687578 5.639956 -nan 4.706748
7.642188 3.505766 5.628701 -nan 4.289503
7.499961 3.480125 5.845839 -nan 4.362540
7.476388 3.065233 5.687512 -nan 4.301676
7.611770 3.061955 5.424246 -nan 4.276731
7.435919 3.113866 5.716843 -nan 4.253723
7.904449 3.035477 5.678799 -nan 4.273420
7.938667 3.100930 5.570472 -nan 4.349186
7.946270 3.607123 5.477018 -nan 4.398093
7.620005 3.790454 5.557864 -nan 4.306180
7.841120 3.526898 5.927835 -nan 4.048337
7.592020 3.847843 5.655985 -nan 3.928887
7.719825 3.977003 5.777705 -nan 3.787859
7.512444 3.703786 6.120709 -nan 3.994206
7.561052 3.534748 5.859274 -nan 4.012678
7.752794 3.354944 5.947193 -nan 4.229836
7.509081 3.148686 5.887877 -nan 4.029790
7.665652 2.949957 5.996476 -nan 3.963609
7.535154 3.203649 6.158796 -nan 3.762505
7.327200 3.359794 6.123776 -nan 4.103384
7.072652 3.110265 6.324637 -nan 4.416290
7.188706 3.306889 6.377627 -nan 4.213501
7.505957 3.353878 6.337649 -nan 3.860933
8.014502 3.899052 6.501562 -nan 3.813944
7.919394 4.240773 6.547054 -nan 3.498221
7.660714 4.361557 5.907509 -nan 2.956360
7.604499 4.358736 5.652393 -nan 3.004711
7.155027 4.636055 5.757428 -nan 3.041451
7.043745 4.565607 5.758595 -nan 3.180501
7.255012 4.982973 5.624405 -nan 3.134284
7.881086 4.971713 5.330477 -nan 3.283624
7.275405 4.867666 5.730105 -nan 2.800204
7.165092 4.465976 5.378854 -nan 2.579387
7.034715 4.188244 5.147846 -nan 2.218705
7.244552 4.153218 5.301522 -nan 2.518347
7.454589 4.284668 5.428093 -nan 2.515181
7.570325 4.198524 5.291221 -nan 2.509401
7.608644 4.142487 5.185418 -nan 2.774336
7.220865 4.660680 5.218376 -nan 2.846998
6.954807 4.770906 5.236359 -nan 2.445119
7.182240 5.003624 5.194349 -nan 2.810268
7.376979 4.734202 4.610702 -nan 2.658087
7.219430 5.043682 4.413255 -nan 3.015880
6.578357 5.243661 4.509876 -nan 2.772721
6.524812 5.583281 4.269154 -nan 2.638589
6.380497 5.165730 4.754822 -nan 2.662575
6.126010 4.822164 5.013273 -nan 2.664485
6.467589 4.723266 4.718553 -nan 2.634920
6.563500 4.483963 4.771768 -nan 2.515849
6.676890 4.565254 4.371390 -nan 2.703081
6.281999 4.832365 3.910649 -nan 2.743568
6.147150 4.840499 4.262847 -nan 3.007103
5.905771 4.990055 4.043478 -nan 2.746051
5.805402 4.844696 4.030120 -nan 2.791847
5.777671 4.700679 3.889114 -nan 2.705339
5.543718 4.501741 3.688233 -nan 2.867632
5.678859 4.475886 3.736845 -nan 2.702238
6.195454 4.846079 3.828105 -nan 2.382510
6.375902 5.139022 3.638938 -nan 2.396957
6.024363 4.672617 3.794971 -nan 2.373310
5.982409 4.606320 3.939941 -nan 2.308889
6.542700 4.444672 4.010692 -nan 2.219582
7.016683 4.502065 4.160680 -nan 1.918317
7.041527 4.302130 4.133010 -nan 1.954312
7.556370 4.023500 3.786442 -nan 1.916441
8.295818 4.238999 4.059692 -nan 1.984649
8.076863 3.768900 4.254522 -nan 1.994850
7.819713 4.098841 3.914180 -nan 2.231500
8.195791 4.090173 3.658856 -nan 2.166607
7.857091 3.889815 3.646418 -nan 1.857871
7.766443 3.640175 3.336334 -nan 2.117497
8.048770 3.756475 3.282824 -nan 2.051762
7.908296 3.949833 3.252915 -nan 2.010806
7.710288 4.085995 3.015641 -nan 2.106010
7.684408 3.726383 2.532674 -nan 2.022887
7.341564 3.845717 3.079040 -nan 2.021073
7.512059 3.814470 3.025855 -nan 1.735716
7.217781 3.725443 2.670914 -nan 1.880571
7.637251 3.596104 2.930462 -nan 1.733655
7.691971 3.922346 2.688259 -nan 2.093429
7.627280 3.977395 2.326016 -nan 2.069054
8.127394 3.497912 2.980149 -nan 2.090098
8.215071 3.523685 3.284659 -nan 2.368009
8.745278 3.402243 3.551515 -nan 1.953554
8.873258 3.533698 3.764142 -nan 2.154308
9.160095 3.179554 3.842526 -nan 1.779159
9.469443 3.228947 3.786920 -nan 1.616402
9.120546 2.926053 3.785284 -nan 1.769244
8.990790 2.415120 4.035708 -nan 1.710373
9.313607 2.162779 4.187938 -nan 1.440328
8.998492 2.222091 4.277325 -nan 1.394381
8.605485 2.539389 3.959330 -nan 1.414309
8.593936 2.617153 3.500614 -nan 1.198318
8.642639 2.414314 3.583551 -nan 1.470959
8.179597 2.580953 3.544611 -nan 1.645004
8.553332 1.945320 3.413150 -nan 1.532674
8.209305 1.886045 3.149167 -nan 1.502168
8.566243 2.081951 3.443299 -nan 1.492991
8.674305 1.568446 3.510453 -nan 1.552018
8.524825 1.370064 3.395439 -nan 1.629406
8.441394 1.443191 3.088329 -nan 1.584922
8.632380 1.862174 3.124958 -nan 1.686185
8.813891 2.194935 2.877127 -nan 1.585136
8.820433 2.810429 2.734442 -nan 1.784393
8.797249 3.079358 2.795496 -nan 1.348220
8.468056 2.893327 2.919111 -nan 1.275413
8.124067 2.362283 3.162379 -nan 1.186083
8.297587 2.363683 3.367908 -nan 1.307865
8.527917 2.587886 2.754899 -nan 1.251460
8.413995 2.542872 2.166455 -nan 1.211078
8.184519 2.631228 2.625400 -nan 1.119073
8.457126 2.459988 2.666692 -nan 1.268286
8.541223 2.559911 2.634172 -nan 1.165421
8.897310 2.940495 2.834522 -nan 1.024821
8.753475 2.629412 2.783058 -nan 1.098849
8.595081 2.823087 3.235334 -nan 1.065365
8.649161 2.815373 3.561556 -nan 1.277461
8.143733 3.157996 3.710102 -nan 1.351734
8.419337 2.887789 3.507103 -nan 1.436411
8.224782 3.000920 3.611522 -nan 1.396858
8.082956 3.039741 3.545891 -nan 1.373502
7.974412 3.285450 3.769558 -nan 1.466555
8.029509 3.433556 3.866175 -nan 1.319316
7.861695 3.331039 3.678088 -nan 1.325772
7.660927 3.229732 3.352476 -nan 1.420406
7.500283 2.962353 3.055217 -nan 1.318679
7.183525 3.027863 2.788440 -nan 1.533499
7.344184 3.159625 3.027867 -nan 1.729110
7.405325 3.135749 3.005245 -nan 1.860596
7.585541 3.184203 3.174743 -nan 1.681243
7.927146 2.960896 3.552493 -nan 1.626684
7.760682 2.794973 3.583809 -nan 1.225355
7.542430 2.931548 3.233261 -nan 1.347751
7.538487 2.980731 3.647263 -nan 1.287220
7.409637 3.565149 3.828230 -nan 1.525378
7.336602 3.435662 3.555951 -nan 1.632856
7.425249 3.560090 3.642586 -nan 1.987064
7.610450 3.379553 3.467681 -nan 1.765587
7.451600 3.596956 3.808349 -nan 1.593151
7.066965 3.846448 3.919698 -nan 1.567735
7.120522 4.072083 4.085946 -nan 1.454206
7.030160 3.860289 3.999464 -nan 1.512143
7.193069 3.953608 3.809501 -nan 1.799371
7.585773 3.981197 3.288002 -nan 1.558635
7.285253 3.988901 3.030909 -nan 1.490473
6.733787 4.195915 3.158203 -nan 1.275391
6.995855 4.312877 3.208877 -nan 1.355626
6.707940 4.185509 2.749976 -nan 1.191621
6.370991 4.020049 2.542575 -nan 1.321975
6.520317 4.090848 2.658436 -nan 1.419457
6.576704 4.507634 2.304229 -nan 1.307618
6.391218 4.283618 2.153724 -nan 1.432259
6.677404 4.317702 2.257624 -nan 1.415484
6.556968 4.459316 2.317645 -nan 1.257136
6.509040 4.446446 2.151096 -nan 1.394455
6.530707 4.719694 2.246143 -nan 1.522829
6.128784 4.558702 2.374942 -nan 1.374451
6.770296 4.546549 2.658524 -nan 1.198073
7.018979 4.547578 2.502498 -nan 1.249806
6.883442 4.130200 2.801251 -nan 1.257860
6.756294 4.022069 3.094406 -nan 1.311831
6.709209 4.284294 2.969633 -nan 1.262914
6.909322 3.889971 2.667631 -nan 1.239470
7.070711 3.905938 2.494936 -nan 1.342301
6.908981 3.791999 2.493831 -nan 1.352592
6.988817 4.119399 2.543758 -nan 1.217254
7.352802 3.912899 2.487781 -nan 1.261765
7.587721 3.918985 2.483547 -nan 1.293505
7.947723 3.575602 2.231114 -nan 1.466068
7.563185 3.751270 2.193754 -nan 1.742161
7.571734 3.813762 2.139503 -nan 1.583978
7.475257 4.064018 1.909501 -nan 1.572767
6.981682 4.435694 1.973149 -nan 1.488872
7.716450 4.368608 1.890430 -nan 1.325475
7.837469 4.501330 2.178067 -nan 1.173711
7.605234 4.163831 1.773024 -nan 1.098930
7.973103 4.107917 1.639339 -nan 1.171243
8.015046 4.033571 1.765271 -nan 1.084095
7.959676 3.853092 1.905962 -nan 1.093186
7.668509 3.866177 2.011235 -nan 1.306769
7.572110 3.947059 1.678354 -nan 1.159946
7.753857 3.679017 1.922795 -nan 1.112958
8.241894 3.311881 2.271889 -nan 1.100486
8.191497 3.853361 2.336023 -nan 1.127227
8.013912 3.834920 1.977283 -nan 1.104088
8.118712 3.692350 1.989062 -nan 1.119999
7.849804 3.602233 2.206963 -nan 1.172128
7.479414 3.265338 2.645862 -nan 1.111055
7.867601 3.552747 2.716583 -nan 1.139132
7.598672 3.529551 2.590275 -nan 1.125931
7.588117 3.492609 2.565979 -nan 1.218622
7.522743 3.407302 2.372367 -nan 1.260519
7.216566 3.404597 2.392791 -nan 1.178652
7.350726 3.570099 2.594534 -nan 1.299631
6.889393 3.842585 2.471279 -nan 1.290722
6.776569 3.831406 2.236350 -nan 1.297147
6.674651 4.149655 2.160311 -nan 1.449139
6.434295 4.329634 2.236936 -nan 1.565404
6.495059 4.613977 2.350684 -nan 1.798428
6.679046 4.315962 2.198425 -nan 1.629314
6.610714 4.084149 2.444089 -nan 1.793745
6.721317 3.800763 2.136376 -nan 1.909759
7.103628 3.867703 2.207416 -nan 2.145057
7.125153 3.586911 2.176050 -nan 2.169788
7.524665 3.447480 2.095386 -nan 2.127815
7.192632 3.124802 1.787045 -nan 2.045686
7.646790 3.469190 1.694442 -nan 2.280671
7.724346 3.209863 1.747997 -nan 2.062106
7.330458 3.379964 1.978854 -nan 1.878676
7.026029 3.389735 2.431532 -nan 1.569183
7.287207 3.442364 3.008213 -nan 1.534761
7.019842 3.437517 2.433114 -nan 1.936413
6.808281 3.770218 2.320939 -nan 1.952421
6.259288 3.665029 2.207600 -nan 1.940866
6.282166 3.868357 2.074581 -nan 1.723303
6.439244 3.456705 2.483450 -nan 1.532076
6.709585 3.232097 2.489959 -nan 1.409589
6.542081 3.087227 2.672286 -nan 1.462906
6.406410 3.364410 2.627779 -nan 1.468283
6.262635 3.089077 2.443375 -nan 1.487603
6.332117 2.708325 2.439438 -nan 1.314427
6.234063 2.419539 2.537342 -nan 1.237539
6.096590 2.474840 2.448317 -nan 1.182036
5.994680 2.252074 2.840104 -nan 1.210561
6.275392 2.709767 2.484662 -nan 1.219734
6.456937 2.308736 2.088460 -nan 1.342332
6.172803 1.774165 2.157330 -nan 1.359847
5.980533 1.545980 2.419613 -nan 1.427403
5.820249 1.565004 2.410944 -nan 1.365587
5.548307 1.734130 2.312093 -nan 1.637511
5.400173 2.021374 2.093959 -nan 1.678736
5.553141 2.282626 2.104233 -nan 2.179145
5.604080 2.367865 2.187227 -nan 2.272031
5.519036 2.193276 1.953678 -nan 1.747049
5.938789 2.172284 2.226164 -nan 2.011432
5.833713 2.408843 1.830503 -nan 1.810105
5.590312 2.186969 1.635129 -nan 1.747893
5.984205 1.978815 1.589074 -nan 1.666771
5.751462 2.660365 1.734663 -nan 1.669878
5.889403 2.732212 1.745239 -nan 1.871121
5.992768 2.657214 1.750924 -nan 1.904773
6.517254 2.673682 1.513224 -nan 2.026813
6.248963 2.896723 1.544171 -nan 2.007437
6.107858 3.275513 1.571000 -nan 1.700166
6.767190 3.173570 1.712726 -nan 1.911985
6.548604 3.286172 1.834072 -nan 2.251906
6.799605 3.600014 1.614872 -nan 2.244803
6.839159 3.540187 1.949524 -nan 2.270862
6.597333 3.434443 1.991198 -nan 2.399788
6.372069 3.933551 2.144063 -nan 2.242441
6.248754 3.674833 2.046239 -nan 2.423989
6.524268 3.718494 2.307669 -nan 2.202064
6.765190 3.879063 2.491896 -nan 2.353155
6.817813 3.772049 2.350676 -nan 2.197425
6.699927 3.827717 2.037848 -nan 2.305402
6.691578 3.935388 2.133789 -nan 2.031282
6.565729 3.842113 1.927259 -nan 1.863494
6.172160 3.842627 2.134513 -nan 1.963415
6.055446 4.252057 2.130345 -nan 2.104159
5.942881 4.500239 1.670241 -nan 2.144663
6.064356 4.635653 1.797215 -nan 2.420269
6.025735 4.815080 2.116172 -nan 2.577895
6.408414 5.196583 1.999651 -nan 2.430501
5.944944 4.689814 1.719235 -nan 2.349858
5.666398 4.695508 1.705676 -nan 2.125040
5.673834 4.598212 1.299619 -nan 1.939710
5.926372 4.751735 1.456854 -nan 1.501543
4.869680 4.874510 1.454040 -nan 1.398053
5.212822 4.981472 1.622707 -nan 1.662427
5.352430 4.715842 1.597677 -nan 1.563090
5.276302 4.829568 1.738683 -nan 1.749027
4.747121 5.054332 1.762505 -nan 1.800356
4.843437 5.267747 1.838357 -nan 1.754337
4.954132 5.128680 1.913594 -nan 1.786592
4.923447 5.017595 1.826016 -nan 1.693230
5.186843 5.195932 1.987768 -nan 1.522400
5.692752 5.106082 2.352797 -nan 1.523456
5.043878 4.471239 2.190749 -nan 1.471570
5.130317 4.543175 2.068473 -nan 1.565934
4.964938 4.289938 2.174969 -nan 1.647650
4.980067 4.158207 2.049156 -nan 1.928532
5.030851 4.187204 1.981696 -nan 1.996718
4.785260 4.371728 1.855219 -nan 2.251826
5.094229 4.553901 2.050590 -nan 2.158496
5.234038 4.655277 2.222633 -nan 2.608651
4.935588 4.986581 2.282959 -nan 2.561053
5.057441 4.533791 2.369082 -nan 2.943874
5.289683 4.654410 1.805934 -nan 2.686080
5.624515 3.980028 1.595697 -nan 2.751190
5.681413 3.820519 2.033141 -nan 2.897784
5.713418 3.878825 2.374207 -nan 2.775186
5.665269 3.926516 2.196235 -nan 2.952379
5.509671 3.440750 2.199697 -nan 3.067723
5.354577 3.417804 1.935593 -nan 3.091359
5.141602 3.235763 2.043192 -nan 3.312387
4.914973 3.138760 1.921376 -nan 2.735632
5.680204 3.038788 1.858395 -nan 3.008806
5.942558 2.903870 1.821312 -nan 3.142014
6.110478 2.908796 1.911652 -nan 3.599871
5.638778 2.882397 2.164428 -nan 3.933936
5.884409 2.762418 1.841832 -nan 3.597443
5.713902 2.992733 1.587484 -nan 3.357893
5.905726 3.026820 2.170514 -nan 3.446301
5.670123 3.059637 2.732116 -nan 3.166620
5.486532 3.148512 2.718402 -nan 3.294434
5.788770 3.156483 2.566810 -nan 3.300082
6.299951 3.274036 2.438117 -nan 3.789766
5.897436 3.686039 2.732527 -nan 3.624678
5.798951 3.394430 2.515609 -nan 3.838971
5.761471 3.191171 2.288668 -nan 4.111091
5.881036 3.055861 2.335307 -nan 3.922911
5.783255 3.077035 2.408707 -nan 3.964215
5.655069 3.216787 2.637965 -nan 3.430434
5.771903 3.385588 2.694539 -nan 3.324909
5.542187 3.190014 2.453735 -nan 3.356551
5.270682 3.795663 2.598857 -nan 2.890862
5.520485 3.641624 2.912297 -nan 3.244113
5.090353 3.999650 3.194621 -nan 3.244425
5.437663 3.593378 3.323881 -nan 3.176345
5.166073 3.861514 3.021931 -nan 3.136777
5.058661 3.576330 2.331798 -nan 3.087619
5.375931 3.588767 2.657788 -nan 3.168839
5.395145 3.511778 2.541883 -nan 3.623604
5.324051 3.213229 3.024404 -nan 3.640102
5.543948 3.330733 3.348004 -nan 3.845083
5.747269 2.809462 3.347155 -nan 3.608172
5.787272 3.193637 3.356749 -nan 3.462688
5.889493 3.218628 3.708641 -nan 3.789261
5.607987 2.831956 3.697574 -nan 3.569811
5.693634 2.644826 3.817181 -nan 3.453806
5.975679 2.550399 3.999730 -nan 3.704637
5.342709 2.466382 4.116934 -nan 3.614442
5.475862 2.195538 4.701652 -nan 3.545793
4.968867 2.194957 4.798754 -nan 3.455735
5.093732 2.454255 4.803617 -nan 3.104576
4.736835 2.144783 4.678953 -nan 3.179829
4.826436 2.677720 4.701738 -nan 2.987415
4.903035 2.554943 4.602800 -nan 3.203423
5.329414 2.883559 4.314987 -nan 3.098098
5.754094 2.709970 4.514921 -nan 3.250617
5.732518 2.544448 4.643023 -nan 3.148571
5.483208 2.261988 4.600373 -nan 2.788731
5.828073 2.265154 4.608143 -nan 3.314001
6.028322 2.541350 4.311222 -nan 3.380498
5.862689 2.026973 3.950649 -nan 3.391340
5.663563 2.366677 3.769858 -nan 2.868892
5.484164 2.718844 4.336148 -nan 2.760447
4.861789 2.828801 4.139039 -nan 2.582188
4.988286 3.206057 4.415578 -nan 2.280197
4.885376 2.665318 4.289632 -nan 2.148728
4.408949 2.803668 4.864260 -nan 2.287866
4.618924 2.976385 4.712334 -nan 2.210983
4.618358 2.453022 4.980382 -nan 2.056672
4.158188 1.710132 4.825234 -nan 1.839147
4.052041 1.657611 4.993114 -nan 2.059114
4.151078 1.651319 5.284104 -nan 2.471466
3.676256 1.670826 5.552176 -nan 2.753768
3.401090 1.515203 5.159400 -nan 3.233400
3.493997 1.638691 4.920195 -nan 3.528883
3.095794 1.645117 5.424135 -nan 3.349202
3.474747 1.586296 5.474359 -nan 3.083854
3.928914 1.748867 5.730141 -nan 2.935515
3.837219 1.831841 5.754956 -nan 3.058072
3.717772 1.938575 5.584614 -nan 3.062815
3.747729 1.644797 5.736888 -nan 3.092283
3.585298 1.674143 5.790084 -nan 3.368783
3.456554 2.179671 6.033209 -nan 3.022876
3.451708 2.382780 6.011332 -nan 3.641859
3.255504 2.337536 6.135876 -nan 3.293619
3.046212 2.491346 5.399921 -nan 3.213875
3.156728 2.683250 5.192880 -nan 2.905079
3.116251 2.522821 5.399557 -nan 2.706659
3.184106 2.316958 5.423784 -nan 2.601567
2.985098 2.204220 5.396304 -nan 2.773952
2.810690 2.319794 5.329838 -nan 2.511375
2.523330 2.099521 4.976051 -nan 2.627916
2.688010 2.219600 4.655144 -nan 2.687176
2.794384 2.012818 4.924728 -nan 3.128869
2.995463 2.074287 4.914615 -nan 2.985142
2.778594 2.270060 4.446225 -nan 2.876307
2.625325 1.857003 4.526846 -nan 2.688145
2.684063 1.625985 4.235898 -nan 2.754896
2.890966 1.962500 4.442745 -nan 3.013533
2.967877 1.739317 4.367389 -nan 2.771164
3.176372 1.715136 4.277650 -nan 2.823947
3.193957 1.746664 4.155728 -nan 2.848176
3.491236 1.636939 3.860995 -nan 2.590429
3.439520 1.639341 3.828849 -nan 2.778840
3.440182 1.587788 3.363335 -nan 2.960923
3.494279 1.650859 3.363076 -nan 3.099724
3.175974 1.572119 3.576475 -nan 3.079832
2.897176 1.873038 3.448459 -nan 3.542099
3.132860 1.766687 3.375330 -nan 3.592378
2.765424 1.852406 3.362015 -nan 3.472483
2.661302 1.850228 3.335115 -nan 3.483765
2.448834 2.007865 3.517014 -nan 3.517031
2.411138 1.924755 3.629117 -nan 3.373583
2.111884 1.965561 3.769674 -nan 3.451766
1.619848 2.135493 4.093967 -nan 3.591113
1.892905 1.810630 4.214243 -nan 3.688601
2.044821 1.799110 4.354845 -nan 3.482396
2.426084 1.686800 4.612203 -nan 3.208048
1.993366 1.763447 4.868788 -nan 3.750847
2.453262 1.879547 5.079493 -nan 4.294328
2.157854 2.315318 4.915057 -nan 4.282777
1.823970 2.606754 5.132661 -nan 3.857582
1.801550 2.821892 4.929983 -nan 3.575206
1.894718 3.167586 4.575323 -nan 3.322052
1.904141 3.292604 4.160278 -nan 2.896565
2.318349 3.058797 4.130104 -nan 3.532414
2.140334 3.145992 4.447326 -nan 3.367904
2.280221 3.378810 4.312373 -nan 3.233737
2.140544 3.289001 4.187447 -nan 3.265393
2.059071 2.999126 4.101460 -nan 3.444032
1.991381 2.714997 4.265399 -nan 3.116944
1.977651 3.167366 4.291481 -nan 3.106199
2.381255 3.428723 3.797543 -nan 3.700873
2.207406 3.510969 4.056860 -nan 4.047247
2.283445 3.702157 4.297186 -nan 3.513806
2.220151 3.723516 4.039618 -nan 3.633980
2.572263 3.514833 4.146011 -nan 3.373544
2.649338 3.309470 4.569473 -nan 3.443388
2.386433 3.357446 4.510027 -nan 3.428460
2.473068 3.100167 4.056184 -nan 3.385517
2.753816 3.174581 4.309917 -nan 3.110437
2.742989 3.260320 4.213830 -nan 3.371075
2.402667 3.763865 3.772898 -nan 3.624888
2.233076 3.646992 3.587445 -nan 3.589581
2.628531 3.347012 3.401782 -nan 3.669846
2.658580 2.818983 3.188248 -nan 3.834375
2.854665 2.412248 3.242076 -nan 3.546104
3.632891 2.905624 3.266540 -nan 3.795250
3.304391 3.040098 3.003205 -nan 3.847587
3.017022 3.049243 3.147923 -nan 3.739027
3.098426 3.111253 3.065422 -nan 4.037430
2.930322 3.375217 2.891883 -nan 3.933460
3.338982 3.274147 2.820209 -nan 3.887237
3.629242 3.274689 2.979236 -nan 3.768960
3.506392 3.680309 2.912503 -nan 4.019018
3.218990 4.074501 2.971713 -nan 4.023953
2.905831 4.236768 3.202178 -nan 3.463506
2.590525 4.161606 3.015229 -nan 3.376396
2.950911 4.017586 2.924382 -nan 3.173311
3.271000 3.907655 2.714135 -nan 3.215120
3.793912 3.776955 3.162905 -nan 2.868557
4.288073 3.689524 3.521777 -nan 2.920320
3.980755 3.233676 3.255859 -nan 2.552707
3.701119 3.448600 3.213921 -nan 2.646714
3.919807 3.452726 3.031645 -nan 2.959925
4.044608 3.601129 3.105073 -nan 2.889201
4.328427 3.225609 2.914861 -nan 2.942165
4.090346 3.281170 2.540986 -nan 2.922196
4.425584 3.221537 2.498034 -nan 2.809251
4.451487 3.379331 2.028474 -nan 2.763428
4.577199 3.345535 1.745324 -nan 2.874952
4.592214 3.108829 1.689455 -nan 2.749196
4.472967 3.536114 1.498554 -nan 3.216060
4.468215 3.692524 1.250589 -nan 3.358237
3.963094 3.730696 1.505671 -nan 3.323614
3.848386 3.834605 1.443783 -nan 3.477660
4.266458 3.217559 1.343208 -nan 3.549141
4.263657 2.954977 1.154197 -nan 3.719088
4.220462 2.554888 1.347543 -nan 3.872312
4.740675 2.679543 1.224755 -nan 3.580487
4.558372 2.544056 1.183291 -nan 3.807796
3.968520 2.693163 1.215916 -nan 3.480678
4.300359 2.417066 1.246234 -nan 3.564490
3.792466 2.457469 1.387290 -nan 3.743506
3.783662 2.371387 1.327687 -nan 3.992389
3.681083 2.482416 1.409004 -nan 3.577559
3.912500 2.210825 1.502314 -nan 3.320763
4.076858 1.821502 1.508383 -nan 3.175932
4.199251 1.861160 1.460899 -nan 3.651549
4.277052 1.833617 1.234044 -nan 3.533134
3.865774 1.883399 1.310388 -nan 3.715641
3.865003 1.587244 1.563589 -nan 3.272698
4.075889 1.272435 1.636059 -nan 3.596363
4.431301 1.317652 1.571330 -nan 3.353636
4.241877 1.157904 1.492332 -nan 3.495670
4.082753 1.161475 1.621587 -nan 3.544541
4.597784 1.393294 1.720563 -nan 3.186413
5.078918 1.548494 1.847697 -nan 2.968530
5.195584 1.693313 1.797272 -nan 2.929426
5.474350 1.804988 1.788477 -nan 2.656069
5.671055 1.746819 1.940233 -nan 2.545861
5.773335 1.834790 2.020365 -nan 2.715698
5.899823 1.372918 2.254623 -nan 2.479359
6.011676 1.351541 2.287768 -nan 2.385189
5.114276 1.225049 2.497365 -nan 2.360211
5.011935 1.159810 2.675573 -nan 2.692945
5.015523 1.485389 2.763132 -nan 3.023223
5.211188 1.167559 2.892114 -nan 2.903115
5.182703 1.370456 3.014714 -nan 2.527567
5.175002 1.425263 2.939187 -nan 2.653728
5.606426 1.340709 3.229148 -nan 3.024290
5.630492 1.430378 3.117721 -nan 2.918919
6.164414 1.765277 3.222602 -nan 2.906226
6.104368 1.874856 3.459027 -nan 2.626534
5.912934 1.794327 3.230970 -nan 2.743677
5.598080 2.183988 3.244125 -nan 2.481013
5.475758 2.383396 3.245069 -nan 2.919411
5.908700 2.454041 3.184856 -nan 2.965630
5.477728 2.673555 2.946721 -nan 2.799389
5.419411 3.046807 2.822095 -nan 3.237162
5.031703 3.256969 2.724338 -nan 3.149683
5.397415 2.936351 2.608983 -nan 3.379489
5.213147 3.461635 2.984446 -nan 3.689900
5.295978 3.211585 3.026887 -nan 3.793827
5.125640 3.521607 3.240547 -nan 3.419797
4.959227 3.105171 3.379451 -nan 3.594054
4.816080 2.950171 3.692006 -nan 3.545209
4.653466 3.032506 3.885449 -nan 3.183711
4.855623 2.503374 4.085462 -nan 3.192526
4.408745 2.710281 3.736855 -nan 2.660177
4.538560 2.857422 4.073826 -nan 2.417621
4.363690 2.444484 4.102576 -nan 2.490648
4.344085 2.759851 4.392475 -nan 2.798586
4.407508 2.882248 4.142750 -nan 2.791803
4.606129 2.722117 3.928506 -nan 2.715607
4.596738 2.211594 4.193858 -nan 2.736860
4.632649 2.285950 4.125511 -nan 2.950100
5.014670 2.010554 4.354201 -nan 3.220744
5.215265 2.024769 4.502662 -nan 3.135804
5.187486 1.993240 4.687236 -nan 3.427783
4.716599 1.981898 4.697090 -nan 3.316135
4.710409 1.682967 4.562636 -nan 3.629274
4.392604 1.804868 4.364104 -nan 3.661950
4.855540 1.673328 4.200740 -nan 3.622261
5.009340 1.473823 4.293621 -nan 3.820708
5.217282 1.490037 4.248163 -nan 3.901062
5.465481 1.549620 4.654929 -nan 3.710223
5.823255 1.668047 4.516413 -nan 4.203726
5.722228 1.872301 4.834791 -nan 4.203592
6.443122 2.223193 4.848841 -nan 4.601996
6.646894 2.495793 4.769265 -nan 4.738701
6.388252 2.133487 4.677793 -nan 4.489263
6.656968 2.050996 4.429537 -nan 4.383242
6.517082 1.468957 4.438751 -nan 4.064752
6.974033 1.395759 4.369177 -nan 4.042969
6.643571 1.457761 4.638389 -nan 3.861124
6.931842 1.431359 5.022631 -nan 4.236522
7.158194 1.411122 4.942343 -nan 4.408524
6.808546 1.329356 4.683601 -nan 4.712934
6.804967 1.838326 4.561223 -nan 4.415463
6.692861 1.916568 4.312088 -nan 4.130580
6.621546 1.859257 4.354631 -nan 4.197917
6.339633 1.906340 4.508200 -nan 4.020312
5.746232 1.846668 4.250683 -nan 4.094682
5.684095 1.972732 3.474568 -nan 3.770045
5.649895 1.844024 3.455449 -nan 3.810419
5.492948 1.650405 3.302512 -nan 3.995734
5.136865 1.408206 3.468740 -nan 4.111207
5.684412 1.229877 3.644511 -nan 4.413151
5.433252 1.164950 3.476573 -nan 4.374554
5.388315 1.205479 3.642796 -nan 4.837223
6.133875 1.078041 3.416204 -nan 4.767877
5.874674 1.021819 3.377837 -nan 5.122089
5.817304 1.051491 3.134995 -nan 5.127501
5.614989 1.024916 3.321617 -nan 5.336871
5.289647 1.026161 3.470225 -nan 5.558314
5.435277 1.033454 3.712311 -nan 5.302076
5.473704 1.026556 3.378620 -nan 5.182136
5.295297 1.050700 3.439610 -nan 5.449769
5.317986 1.018281 3.163661 -nan 5.951053
5.345535 1.133896 3.066478 -nan 5.707235
5.227167 1.309771 2.990422 -nan 6.199759
5.326873 1.242933 3.101682 -nan 6.824954
5.135905 1.271685 3.163869 -nan 6.245684
4.850466 1.340203 2.991342 -nan 5.716162
4.952650 1.245201 3.430540 -nan 5.745766
4.977149 1.146857 2.950942 -nan 5.250432
5.061427 1.089321 3.083105 -nan 5.583886
5.185975 1.023973 3.148883 -nan 5.613912
5.069256 1.104914 3.779163 -nan 5.790074
4.678498 1.166885 3.449695 -nan 5.995863
4.640631 1.279237 3.523219 -nan 5.387537
4.386459 1.310919 3.222008 -nan 5.234977
4.575509 1.069837 2.831517 -nan 5.020283
4.770353 1.036710 2.214464 -nan 4.476611
4.557117 1.030952 2.219523 -nan 4.558424
4.589435 1.204640 2.271622 -nan 4.510063
4.740708 1.256817 2.073425 -nan 4.693697
4.302763 1.189338 2.336772 -nan 5.152810
4.491562 1.105070 2.804556 -nan 5.249504
4.556329 1.240511 2.586160 -nan 5.490475
4.574059 1.320312 2.365902 -nan 5.365676
5.020519 1.188317 2.261025 -nan 5.110391
5.041421 1.138170 2.431967 -nan 5.307441
5.208650 1.233889 2.311156 -nan 5.278591
5.160566 1.281301 2.015140 -nan 4.723323
5.390871 1.225897 2.176997 -nan 4.317179
5.871534 1.373209 1.988698 -nan 4.309382
5.779277 1.552072 1.923238 -nan 4.489250
5.928210 1.665194 2.222636 -nan 4.304790
6.286957 1.962969 2.201330 -nan 4.167012
6.833180 1.817788 2.170069 -nan 3.809660
6.982642 1.991181 2.385779 -nan 4.034763
7.150129 1.736861 2.287061 -nan 4.209512
7.579633 1.656466 2.184412 -nan 4.201054
7.436203 1.648971 2.269686 -nan 4.465149
7.597432 1.602810 2.100856 -nan 4.976928
7.511362 1.899944 2.221507 -nan 4.896790
7.690605 1.955383 2.537535 -nan 5.048865
7.574045 2.033801 2.724181 -nan 5.228020
6.992529 1.928106 2.903145 -nan 5.087454
7.068735 1.926778 3.307205 -nan 5.405389
6.984415 1.909691 3.399280 -nan 5.149545
7.173656 1.738702 3.327575 -nan 4.808816
7.060805 1.750537 3.144553 -nan 4.291526
6.868124 1.594075 2.547154 -nan 4.452349
7.078649 1.600043 2.620201 -nan 4.267823
7.308787 1.414403 2.390882 -nan 4.171206
7.347172 1.955273 2.328488 -nan 4.101462
7.665260 2.132785 1.991676 -nan 3.707789
7.790798 2.163532 1.974279 -nan 4.153999
8.215840 1.889902 2.347292 -nan 3.887347
8.316254 1.707489 2.303048 -nan 3.530271
8.984068 1.860001 2.338920 -nan 3.848743
9.118231 1.937662 2.340636 -nan 3.987367
9.078746 1.986486 2.397349 -nan 3.361725
8.882048 2.025684 2.169181 -nan 3.407723
8.535042 2.027463 2.183910 -nan 2.996126
8.944482 2.145954 2.247380 -nan 3.231402
9.637483 2.208997 2.461708 -nan 3.125346
9.689949 2.451205 2.352142 -nan 3.535528
9.662872 2.653382 2.476740 -nan 3.761465
9.844134 2.483994 2.777246 -nan 3.720247
9.850210 2.009341 2.461547 -nan 3.168926
9.838252 1.903829 2.395098 -nan 3.421857
9.937012 1.453709 2.322005 -nan 3.422796
9.812351 1.195604 2.040204 -nan 3.464430
9.383223 1.338016 2.388014 -nan 3.741698
9.312498 1.534334 2.295572 -nan 3.956583
9.723948 1.314919 2.195194 -nan 3.594326
9.665036 1.435287 2.360059 -nan 4.231638
9.191332 1.461394 2.525074 -nan 4.030955
8.860481 1.386658 2.914811 -nan 3.328083
9.031634 1.454391 2.638358 -nan 3.639100
8.873040 1.571749 2.590930 -nan 3.482973
8.368871 1.768847 2.329814 -nan 3.068546
8.219942 1.590307 2.272794 -nan 2.766596
8.283328 1.609387 2.611912 -nan 2.907615
7.619425 1.861671 2.683107 -nan 3.196083
7.905037 2.143665 2.716555 -nan 3.006644
7.769516 2.530487 2.205548 -nan 2.499122
7.104327 2.319202 2.157824 -nan 2.206891
7.307723 2.328338 2.180916 -nan 2.102495
7.429123 2.660277 2.001189 -nan 1.730633
6.945193 2.865108 1.844895 -nan 1.760895
7.148543 2.748047 1.412461 -nan 1.582634
6.979640 2.504577 1.395378 -nan 1.345835
6.907076 2.865303 1.351725 -nan 1.471827
7.262968 2.839300 1.076746 -nan 1.313311
7.020849 2.875028 1.055621 -nan 1.309822
7.228585 3.353761 1.068100 -nan 1.466591
7.528387 3.348716 1.129779 -nan 1.414363
7.600768 3.452536 1.307832 -nan 1.050459
7.442089 3.280449 1.346474 -nan 1.057667
7.996106 3.326652 1.218078 -nan 1.035107
8.077410 3.372668 1.073174 -nan 1.051627
7.705515 3.680880 1.289721 -nan 1.106480
7.300299 3.900132 1.183965 -nan 1.181705
6.595944 4.301969 1.090529 -nan 1.268361
6.068366 4.039354 1.042728 -nan 1.268034
5.832599 3.798641 1.067311 -nan 1.558073
6.032249 4.070354 1.221024 -nan 1.309888
5.978263 4.033283 1.311457 -nan 1.255021
6.091138 4.124609 1.592117 -nan 1.257514
6.576275 4.399146 2.004821 -nan 1.364642
6.498538 4.535335 2.368845 -nan 1.181642
6.592566 3.942134 2.553162 -nan 1.321588
6.489816 3.798081 2.875667 -nan 1.393880
6.628032 3.458169 3.023379 -nan 1.535082
6.655404 3.449144 2.708376 -nan 1.590986
6.894752 3.572918 2.579200 -nan 1.701685
7.152970 4.056989 2.682411 -nan 1.564535
6.962901 3.824327 2.678832 -nan 1.581361
6.684644 4.209899 2.512340 -nan 1.949493
6.479167 4.048083 2.318534 -nan 1.984116
7.164591 4.198631 2.189463 -nan 2.147866
7.401409 3.993188 2.526329 -nan 2.569409
8.096996 4.039760 2.362523 -nan 2.466050
7.655112 4.535850 2.711590 -nan 2.420007
7.570811 4.634957 2.793154 -nan 2.016067
8.011054 4.447172 2.379885 -nan 1.870708
7.502590 4.436828 2.389409 -nan 1.809365
7.668545 4.449493 2.480831 -nan 1.867068
7.685214 4.911446 2.889448 -nan 1.947490
7.481951 5.165150 2.714459 -nan 1.685779
7.536941 5.102116 2.623986 -nan 1.685008
7.892723 5.396104 2.353757 -nan 1.768995
8.059591 6.245917 2.597233 -nan 1.699487
7.959424 6.755711 2.589312 -nan 1.460153
8.065628 6.749519 2.645868 -nan 1.434760
8.410168 6.729767 2.328337 -nan 1.346273
8.415926 6.596341 2.225204 -nan 1.272449
8.721112 6.639670 2.418780 -nan 1.222093
8.994325 6.482933 2.767601 -nan 1.174916
8.770701 6.303864 2.696425 -nan 1.198178
8.628307 6.607173 2.371385 -nan 1.132060
8.315646 6.720219 2.155776 -nan 1.185102
8.019527 6.747922 1.732134 -nan 1.122449
8.102801 6.923739 1.453607 -nan 1.039689
7.720660 7.266392 1.515611 -nan 1.034400
7.568650 7.194153 1.660751 -nan 1.130207
7.653578 7.093650 1.693424 -nan 1.206978
7.728809 7.320603 1.577485 -nan 1.050493
7.649995 7.487724 1.413886 -nan 1.055717
7.835800 7.826586 1.327777 -nan 1.118974
7.861148 7.619539 1.314366 -nan 1.352002
7.793789 7.522018 1.835437 -nan 1.308750
8.020913 7.571364 1.955762 -nan 1.235462
7.898123 7.582610 1.853748 -nan 1.371051
7.878553 7.768442 2.278480 -nan 1.383734
7.629955 8.243025 2.427586 -nan 1.629682
7.629827 8.196426 2.242979 -nan 1.642526
7.754181 8.531921 2.168654 -nan 1.516944
7.477719 8.273501 1.843481 -nan 1.830936
7.966516 8.465822 2.144533 -nan 1.760164
8.093232 8.501122 2.074222 -nan 1.822192
7.936789 7.836384 2.083160 -nan 1.887387
7.474616 7.745688 2.134862 -nan 2.080604
7.536638 7.806554 2.207144 -nan 1.770700
7.537611 7.760431 1.907396 -nan 1.662292
7.317913 7.830711 1.911820 -nan 1.949101
7.299068 8.433007 1.751752 -nan 1.658911
7.129417 8.727046 1.622960 -nan 1.762040
7.248623 8.492656 1.549187 -nan 1.894803
6.910700 8.637027 1.673901 -nan 1.343353
7.510303 8.167712 1.598048 -nan 1.238283
7.593156 8.339281 1.750187 -nan 1.061931
8.131441 8.315067 1.996518 -nan 1.041437
8.230643 8.622022 2.075462 -nan 1.121424
8.420398 8.788026 2.078459 -nan 1.066342
8.349576 9.215685 2.057479 -nan 1.055788
8.398170 9.246392 1.998846 -nan 1.021841
8.403128 8.861168 2.026718 -nan 1.065237
8.170670 8.724051 2.208368 -nan 1.112334
8.473334 8.637627 2.455676 -nan 1.395825
8.358730 8.222042 2.002103 -nan 1.413479
8.499734 8.025158 2.026722 -nan 1.310330
8.625995 8.004558 2.070777 -nan 1.392879
8.338859 7.927611 1.953232 -nan 1.418976
8.846553 8.451923 1.926521 -nan 1.264655
8.735578 7.968201 1.700538 -nan 1.300770
8.676284 8.111840 1.711307 -nan 1.285524
8.166306 8.018247 1.409087 -nan 1.742140
8.664350 8.016060 1.197420 -nan 1.730414
9.154256 7.908671 1.289502 -nan 2.189417
9.249353 7.715627 1.488024 -nan 2.575909
9.048322 7.595927 1.293643 -nan 2.625642
9.226615 7.253198 1.382314 -nan 2.363028
9.350347 7.004556 1.295528 -nan 2.467084
9.085471 6.261939 1.122407 -nan 2.139587
9.367208 6.361841 1.102693 -nan 1.960633
8.761544 6.716121 1.037707 -nan 1.962509
8.717723 6.789709 1.036293 -nan 1.667155
9.037173 7.106324 1.244442 -nan 1.528784
8.474769 7.375338 1.804560 -nan 1.461011
8.369213 7.902045 1.740695 -nan 1.476064
8.738999 7.777587 1.713494 -nan 1.544724
8.977754 7.558794 1.805167 -nan 1.768190
8.614871 7.421779 1.689776 -nan 1.886076
8.602746 7.434624 1.718885 -nan 2.068603
8.376321 7.659953 1.999737 -nan 2.034517
8.259158 7.578463 1.893398 -nan 2.089617
8.550176 7.894164 1.728406 -nan 1.915710
9.043046 7.924320 1.722654 -nan 2.421122
8.572775 7.845408 1.844289 -nan 2.170216
8.674870 8.179590 1.954683 -nan 1.923197
8.553757 8.392714 1.868338 -nan 1.987680
8.669307 8.081045 2.065356 -nan 1.994630
8.320633 8.432742 2.065547 -nan 1.888506
8.417745 8.469980 1.897399 -nan 1.882581
8.598890 7.956011 1.774543 -nan 1.862681
8.648987 7.889567 1.981426 -nan 1.739528
8.568745 7.738404 1.660536 -nan 2.344444
8.526997 7.758668 1.658080 -nan 2.570952
8.683165 8.298508 1.677602 -nan 2.397942
8.206302 7.279624 1.677688 -nan 2.577497
7.661772 6.947396 1.401487 -nan 3.108841
7.643163 7.252463 1.561536 -nan 2.894903
7.467282 7.486386 1.610118 -nan 3.023121
7.545396 7.222624 1.829334 -nan 3.351623
7.434069 7.575644 1.682989 -nan 3.157547
7.466945 7.334766 1.790921 -nan 2.847123
7.903462 7.772806 1.797378 -nan 2.785556
8.194321 7.400223 1.647391 -nan 2.344048
8.752607 7.354848 1.568355 -nan 2.306596
9.270899 7.055133 1.697204 -nan 2.294258
9.213325 6.916746 1.756322 -nan 2.323462
9.160856 7.139285 1.563392 -nan 2.588218
9.126763 7.238854 1.709112 -nan 2.410151
8.720841 6.818362 1.746658 -nan 2.053079
8.356764 7.088715 1.819677 -nan 2.088345
7.909008 6.791742 1.560273 -nan 2.112089
7.859903 6.929667 1.507197 -nan 2.072576
8.186852 6.524541 1.827981 -nan 1.995184
7.963469 6.597223 1.656127 -nan 1.849188
8.034710 6.715810 1.801331 -nan 2.061605
8.493672 7.084278 2.047752 -nan 2.063134
8.618600 7.429624 1.791627 -nan 1.990127
8.160237 7.509619 1.896612 -nan 1.671187
8.373838 7.918172 1.978052 -nan 1.853509
7.979907 7.766256 2.195506 -nan 2.181273
7.600106 7.615932 1.865304 -nan 2.611614
7.574759 7.909419 1.993124 -nan 2.279649
7.738929 8.042140 1.979922 -nan 2.500397
7.996513 8.127958 2.591255 -nan 2.685045
7.678169 8.142425 2.627900 -nan 2.598530
7.750238 8.228744 2.835240 -nan 2.688110
7.903421 8.215480 2.334436 -nan 2.471577
7.869993 8.370334 2.108735 -nan 2.750109
7.576034 8.075295 2.280428 -nan 2.342980
7.189318 8.618901 2.230852 -nan 2.182428
7.384258 8.543472 2.338274 -nan 2.106718
7.701044 8.376779 2.303403 -nan 2.202657
7.459361 8.157321 2.305730 -nan 2.039536
7.699062 8.466765 2.493105 -nan 1.958963
7.893494 8.310739 2.059881 -nan 1.713546
7.900494 8.968799 2.440301 -nan 1.709449
7.756812 9.339995 2.089182 -nan 1.826819
7.792363 9.316998 2.087834 -nan 1.649799
7.967388 9.903105 2.029203 -nan 1.900543
8.223144 10.019991 1.807975 -nan 1.658248
7.549524 10.618878 2.111238 -nan 1.712063
7.474045 11.077404 1.764559 -nan 1.768424
7.670768 11.742914 1.840826 -nan 2.024797
7.543598 12.389925 1.568875 -nan 1.991011
7.701983 12.779128 1.520425 -nan 1.931871
7.478015 13.053479 1.654507 -nan 2.122394
7.621473 13.022852 1.801408 -nan 1.727545
7.536062 13.266788 1.861803 -nan 1.811456
7.458050 12.784218 1.587680 -nan 2.019555
7.224740 12.544505 1.514000 -nan 2.143970
7.372586 12.784702 1.397804 -nan 1.928163
7.588975 13.040283 1.426951 -nan 2.025164
7.770108 13.417677 1.492430 -nan 1.622798
7.814551 13.509081 1.237485 -nan 1.494264
7.661907 13.327140 1.191277 -nan 1.941270
7.575252 13.341776 1.288446 -nan 2.020205
7.072109 13.379459 1.340179 -nan 2.101273
7.255537 13.805197 1.610228 -nan 2.474860
7.187685 13.967005 1.749669 -nan 2.276152
6.897910 14.476062 1.860212 -nan 2.403511
6.834493 14.436388 1.858078 -nan 2.456493
6.499443 14.458031 1.971237 -nan 2.121561
6.263825 14.357528 1.920867 -nan 1.817167
6.113402 14.420224 1.937353 -nan 1.943079
5.845547 14.903140 1.864355 -nan 1.958734
5.863137 14.994157 1.896416 -nan 1.911757
5.617135 14.990864 2.028332 -nan 2.147238
5.771597 15.155498 2.415839 -nan 2.167459
5.983148 15.639505 2.341052 -nan 2.114030
6.218275 16.083394 2.295599 -nan 1.893064
5.799376 16.070526 2.113799 -nan 1.905758
5.429594 16.117619 2.400615 -nan 1.689386
5.074527 15.714910 2.275612 -nan 1.531078
4.929568 16.175769 2.018589 -nan 1.337929
4.657130 16.201954 1.887572 -nan 1.342270
4.438325 15.861007 1.864295 -nan 1.480579
4.227730 15.617212 1.808029 -nan 1.556256
4.235673 16.068768 1.637336 -nan 1.513748
4.435553 16.139448 1.433513 -nan 1.456323
4.458668 16.032580 1.267190 -nan 1.441822
4.704641 16.529446 1.129082 -nan 1.746587
4.553985 16.134472 1.246851 -nan 1.513554
4.116134 15.889488 1.129490 -nan 1.453448
4.484461 16.581856 1.220457 -nan 1.757949
4.683906 16.235514 1.236011 -nan 1.449094
4.463199 16.263852 1.272489 -nan 1.664202
4.610266 15.952645 1.251568 -nan 1.800593
4.835382 15.371730 1.096655 -nan 2.091582
4.897251 15.653296 1.156029 -nan 1.944450
5.133356 15.626190 1.033896 -nan 2.098077
5.125880 15.493937 1.071680 -nan 1.603905
5.022084 15.507667 1.103179 -nan 1.517432
5.231131 15.445286 1.115285 -nan 1.603192
5.231218 14.750724 1.154965 -nan 1.530942
5.402021 14.548781 1.177629 -nan 1.369754
5.313597 14.261133 1.161704 -nan 1.504787
4.991082 14.355070 1.164263 -nan 1.785100
5.359757 14.500968 1.412325 -nan 1.747191
5.013928 14.661135 1.258405 -nan 1.749647
5.066325 14.521507 1.362400 -nan 1.732060
4.884160 14.518248 1.376562 -nan 1.595907
5.223458 14.661539 1.510855 -nan 1.471514
5.337921 14.713047 1.949056 -nan 1.492563
5.043005 14.475367 2.048162 -nan 1.430815
5.049744 14.866364 2.413369 -nan 1.515406
5.210285 14.678724 2.704553 -nan 1.677604
5.308085 15.111558 2.410075 -nan 1.411859
5.395452 14.800795 2.274499 -nan 1.374833
5.251010 14.685617 2.263827 -nan 1.414393
5.203269 14.526478 2.261772 -nan 1.276702
5.685557 14.287747 2.366162 -nan 1.198804
5.036632 14.583919 2.457846 -nan 1.133285
4.556063 14.475644 2.257993 -nan 1.105418
4.758585 14.695157 2.168903 -nan 1.067837
4.322715 15.005050 1.829442 -nan 1.189003
4.094287 14.325172 1.817569 -nan 1.185327
4.549387 14.607020 1.559968 -nan 1.167292
4.368912 15.020341 1.575987 -nan 1.265744
4.472759 15.748469 1.191810 -nan 1.266493
4.765026 15.566059 1.157556 -nan 1.207189
4.241264 14.826812 1.298607 -nan 1.087811
4.616598 15.057720 1.021020 -nan 1.090790
4.589768 15.055650 1.072542 -nan 1.066574
4.746387 15.116364 1.180589 -nan 1.285620
4.579666 15.041818 1.296247 -nan 1.198340
4.748275 15.532061 1.213963 -nan 1.400007
4.725257 15.128705 1.436667 -nan 1.295663
4.252378 15.207642 1.532664 -nan 1.212124
4.259155 15.907958 1.389074 -nan 1.208022
4.325724 16.107531 1.211711 -nan 1.349296
4.350410 15.812768 1.159568 -nan 1.581196
4.813605 15.772990 1.031483 -nan 1.667957
5.014798 15.427798 1.158795 -nan 1.298393
4.851461 15.232565 1.244767 -nan 1.312116
4.511651 15.235835 1.626713 -nan 1.370863
4.379297 15.523164 1.566423 -nan 1.414768
5.163383 15.422894 1.587923 -nan 1.283997
4.905366 15.290033 1.626555 -nan 1.184346
4.642723 15.475159 1.595791 -nan 1.190099
4.760175 15.596088 1.556542 -nan 1.287685
5.179574 15.656591 1.611461 -nan 1.128855
5.218513 16.390731 1.391225 -nan 1.111235
5.192903 16.136767 1.507862 -nan 1.021624
5.157151 15.995185 1.577000 -nan 1.025302
4.976142 15.812071 1.392757 -nan 1.039576
4.841893 16.066388 1.193634 -nan 1.099757
4.711557 16.644733 1.310935 -nan 1.135202
5.177190 16.139950 1.308321 -nan 1.267207
5.395035 16.217418 1.358983 -nan 1.231581
5.331976 16.207468 1.499455 -nan 1.330024
5.336291 16.323231 1.631309 -nan 1.421651
5.367327 16.994746 1.524002 -nan 1.525655
5.242175 16.420231 1.230748 -nan 1.419744
4.853692 16.669895 1.174347 -nan 1.112397
4.976705 16.793175 1.211924 -nan 1.036708
4.888522 17.027243 1.245183 -nan 1.020737
4.772885 17.088776 1.413423 -nan 1.271453
4.874484 16.928770 1.805614 -nan 1.485446
5.061364 17.732152 2.325925 -nan 1.616933
5.056569 18.039274 2.259102 -nan 1.631638
4.591678 18.287214 2.307382 -nan 1.722227
4.229764 17.912878 2.610673 -nan 1.873931
4.155364 17.492384 2.555250 -nan 1.813616
3.496254 17.257118 2.452251 -nan 1.667457
3.184946 17.016959 2.339476 -nan 1.691545
3.282542 16.991761 2.163281 -nan 1.500778
3.440277 16.731853 1.951287 -nan 1.667834
3.618258 16.929594 2.051950 -nan 1.633471
3.200258 16.669382 1.930673 -nan 1.621610
2.871792 17.240877 1.904527 -nan 1.662900
3.040065 16.997042 1.813964 -nan 1.646946
3.091881 16.373623 1.871235 -nan 1.775269
3.133009 16.578148 1.986312 -nan 2.103168
3.075639 16.421517 1.764251 -nan 1.882102
2.843697 16.173575 1.719305 -nan 1.959486
2.920743 16.745125 1.694019 -nan 2.149060
2.460296 17.374309 1.926884 -nan 2.587681
2.640860 17.460094 1.969378 -nan 2.612851
2.475407 17.747064 2.090357 -nan 2.797875
2.304556 17.837218 1.643279 -nan 2.955383
2.449449 17.705478 1.927241 -nan 2.938653
2.711958 17.826455 1.714084 -nan 2.984417
2.533961 17.716913 1.627926 -nan 3.549731
2.698488 17.368581 1.814676 -nan 3.421501
3.080250 17.401033 1.911256 -nan 3.482633
3.076121 16.749852 1.995508 -nan 3.301719
3.301253 16.799171 2.125561 -nan 3.507860
3.266558 16.914101 2.319242 -nan 3.373912
3.638923 16.448841 2.738933 -nan 3.524528
3.599911 16.571438 2.242576 -nan 3.269232
3.825459 16.911895 2.618606 -nan 3.464878
4.055219 17.089802 1.974316 -nan 3.633436
4.033632 16.683090 2.267327 -nan 3.387002
4.551689 17.482823 2.560935 -nan 3.606954
3.792429 17.779772 2.295937 -nan 3.869851
3.934700 17.553594 2.442732 -nan 4.057010
3.783127 18.153800 2.450247 -nan 4.267689
3.715711 18.235360 2.580118 -nan 4.771633
4.026770 18.488479 2.679917 -nan 4.852124
4.136748 18.350980 2.546654 -nan 4.995064
4.308963 18.429364 2.531631 -nan 4.814110
4.021787 18.067314 2.377656 -nan 4.782660
3.801083 17.829143 2.037299 -nan 3.991411
3.726742 17.692588 1.743458 -nan 3.722710
3.788707 17.479915 1.489115 -nan 3.940709
3.666272 17.384291 1.293672 -nan 3.562735
3.485705 18.114755 1.364094 -nan 3.236818
3.429151 18.714897 1.552428 -nan 3.024607
3.321300 19.053369 1.600954 -nan 3.257998
3.272117 18.653120 1.594290 -nan 3.117423
3.008775 18.458621 1.432498 -nan 3.246976
3.201190 19.085041 1.489278 -nan 3.390729
3.672744 18.405529 1.540484 -nan 3.328066
3.230398 18.767577 1.319158 -nan 3.040759
2.831218 19.030770 1.436235 -nan 2.973094
3.126017 19.309082 1.411339 -nan 2.769446
2.801035 18.976263 1.317610 -nan 2.700394
2.686669 19.218569 1.330355 -nan 2.578664
2.560078 18.388732 1.235007 -nan 2.766748
2.636091 18.381141 1.291061 -nan 2.812619
2.556812 18.568963 1.348420 -nan 2.721049
2.974790 18.261665 1.175275 -nan 2.792114
2.928961 18.325000 1.341424 -nan 2.321869
3.120181 18.908362 1.606252 -nan 2.096259
3.738422 18.955641 1.481380 -nan 2.184272
4.090598 19.471071 1.562890 -nan 2.447577
4.572814 19.491461 1.481515 -nan 2.409084
4.650171 18.952835 1.728421 -nan 2.267498
4.194767 18.807470 1.772085 -nan 2.418996
4.812099 18.217415 2.031173 -nan 2.839562
5.068574 18.381315 1.965944 -nan 2.726127
4.791604 18.128656 2.050386 -nan 2.354228
5.025756 18.281826 2.242986 -nan 2.082062
4.752960 17.653667 2.551313 -nan 2.211465
4.918402 17.750046 2.415634 -nan 2.136652
5.192203 17.586898 2.239962 -nan 1.969111
5.061697 17.400470 2.153700 -nan 2.190629
5.107526 16.992006 2.131358 -nan 2.793936
4.718733 16.012341 1.919979 -nan 2.640639
4.072317 15.802114 2.157441 -nan 2.541858
3.774933 15.768918 2.419854 -nan 2.840782
3.372789 15.623627 2.482508 -nan 3.048190
3.434278 16.034202 2.640140 -nan 2.636856
3.730238 15.732592 2.305707 -nan 2.527258
3.957049 15.655750 2.358921 -nan 2.508943
3.371194 15.403401 2.349561 -nan 2.761567
3.333878 15.450951 2.261960 -nan 2.763127
3.200937 15.126950 2.442436 -nan 2.507246
3.109972 15.036997 2.508207 -nan 2.668567
3.309358 15.070822 2.587163 -nan 2.649379
3.655026 14.408246 2.621296 -nan 3.028608
3.529336 14.240492 2.275452 -nan 3.096826
2.974960 13.893875 2.312309 -nan 3.128742
2.696186 13.808484 2.405095 -nan 3.262824
2.429712 13.630231 2.581358 -nan 3.260973
2.204369 13.899884 3.128810 -nan 3.111072
2.153785 14.216079 3.102258 -nan 3.096734
2.046334 14.458465 3.008662 -nan 3.351664
2.340713 14.580405 3.194751 -nan 3.291297
2.433308 14.655607 3.005148 -nan 2.971786
2.470018 14.382358 2.663961 -nan 3.075996
2.745910 14.510416 2.543313 -nan 3.338635
2.904172 14.815164 2.579710 -nan 3.274230
2.972086 15.051394 2.780399 -nan 3.517699
2.644891 14.770653 2.618475 -nan 3.262273
2.629702 14.780535 2.785715 -nan 3.504905
2.747765 14.958917 3.286059 -nan 3.614198
2.921053 15.272463 3.229353 -nan 3.664590
3.125251 15.084352 2.849347 -nan 4.030289
3.283374 15.113705 2.776486 -nan 3.501763
3.010035 15.220142 2.350847 -nan 3.231432
3.055133 15.247757 2.154343 -nan 3.250212
2.681629 15.500905 2.265517 -nan 3.217160
2.809193 15.724418 2.350099 -nan 3.391502
2.687689 15.736539 2.150118 -nan 3.756598
2.776113 15.864637 1.922378 -nan 3.501091
2.512040 15.586260 1.916471 -nan 3.423835
2.693402 15.902246 1.955375 -nan 3.530894
3.085842 16.052712 2.421994 -nan 3.468084
3.012809 16.193385 2.475873 -nan 3.140232
3.192619 16.082375 2.506157 -nan 3.294707
2.953895 15.524806 2.699552 -nan 3.267006
2.891658 15.445514 2.733717 -nan 3.686470
2.873768 15.254576 2.670354 -nan 3.500949
3.055709 15.388497 2.647814 -nan 3.412691
3.275873 15.782559 2.079163 -nan 3.376961
3.303974 15.852175 2.054737 -nan 3.092147
2.940401 16.067485 2.248027 -nan 3.478845
2.700025 16.521106 2.427862 -nan 3.300602
2.740932 16.375434 2.692851 -nan 3.030339
2.650295 16.391296 2.659783 -nan 2.796448
2.837393 16.505073 2.762500 -nan 3.021183
2.989995 16.265600 2.622196 -nan 3.021110
2.711406 16.282851 2.439018 -nan 2.978137
2.919281 16.237703 2.298244 -nan 3.148361
2.780128 16.394216 2.791286 -nan 2.791229
2.650875 16.842404 2.829368 -nan 3.012394
2.996141 16.584399 2.655808 -nan 3.254381
2.800248 16.571751 2.828479 -nan 3.625151
2.878106 16.938344 2.889274 -nan 3.365415
3.215865 16.975765 3.333333 -nan 3.356761
3.196855 17.066679 3.444989 -nan 3.521629
3.190235 16.881470 3.397735 -nan 3.416137
3.323982 16.391429 3.880850 -nan 3.650204
3.788678 16.187119 3.765668 -nan 3.427755
3.954395 16.297417 3.626674 -nan 3.303404
3.911187 16.424406 3.208000 -nan 3.393102
3.654208 17.035304 3.540165 -nan 3.163334
3.806579 16.836838 3.238143 -nan 3.110115
3.758882 16.974108 3.251386 -nan 3.416482
3.876405 16.480773 3.183444 -nan 3.621292
3.653297 16.296474 3.272911 -nan 3.326427
3.408099 16.185520 3.217842 -nan 3.516034
3.707936 15.789649 2.786153 -nan 3.612794
3.924075 15.514720 2.607616 -nan 3.078937
4.423340 15.521375 2.313290 -nan 2.680224
4.398760 15.540372 2.410167 -nan 2.530045
4.712544 15.663664 2.592009 -nan 2.542767
4.662148 15.608893 2.447288 -nan 2.266320
4.931696 15.835178 2.493909 -nan 2.225901
4.938342 15.974992 2.107895 -nan 2.199249
4.769473 15.736685 2.077400 -nan 2.002402
4.581830 16.110473 1.871217 -nan 1.885987
4.794466 16.087420 2.006682 -nan 1.827172
4.607647 15.469402 2.459646 -nan 2.012414
4.295728 15.450685 2.867467 -nan 1.946288
4.856385 14.981137 2.450026 -nan 2.461934
5.641624 14.855495 1.666273 -nan 2.423184
5.456391 14.782791 1.870753 -nan 2.140126
5.607516 14.632076 1.714004 -nan 2.190111
5.938364 14.372784 1.858633 -nan 2.432361
6.062539 14.710224 1.697859 -nan 2.130861
6.166114 14.471577 1.925486 -nan 2.214490
6.349885 14.194591 1.614982 -nan 2.154188
6.406686 14.108005 1.501817 -nan 2.070842
6.914193 13.989042 1.463448 -nan 2.377483
7.220096 14.058758 1.331744 -nan 2.628476
7.214395 13.917353 1.305834 -nan 2.558328
7.247571 13.817751 1.104662 -nan 2.320688
7.792731 14.312855 1.161292 -nan 2.484826
7.953976 14.660961 1.127907 -nan 2.668728
7.903852 14.674928 1.132821 -nan 2.999699
7.994303 14.230215 1.270110 -nan 3.143648
8.077524 14.306968 1.272205 -nan 3.280183
8.578707 14.371808 1.338259 -nan 3.394623
8.802671 14.148399 1.396895 -nan 3.604962
9.334867 13.638710 1.111994 -nan 2.817551
9.518854 13.428503 1.260293 -nan 2.873730
9.415928 13.097219 1.070524 -nan 3.106073
9.411169 12.838567 1.091665 -nan 2.890663
9.297213 12.103194 1.057863 -nan 2.551505
9.190866 11.807660 1.020688 -nan 2.687453
8.742134 12.281503 1.058552 -nan 2.627862
8.580511 12.313540 1.020508 -nan 3.084178
8.783293 12.539591 1.026169 -nan 3.170565
8.781217 13.008197 1.022350 -nan 3.121060
9.157420 12.550608 1.091351 -nan 2.896402
9.249290 12.307189 1.275263 -nan 2.877254
8.965111 12.294104 1.084410 -nan 2.731092
8.995930 12.285131 1.051174 -nan 2.721646
9.506404 12.448143 1.021185 -nan 2.616636
9.487026 12.501521 1.372117 -nan 2.395320
10.099356 12.560042 1.314920 -nan 2.271550
10.472696 12.163341 1.121421 -nan 1.768211
10.336792 12.255792 1.093724 -nan 1.604876
9.953002 12.601629 1.190815 -nan 1.646282
10.052315 12.683926 1.221949 -nan 1.730752
10.185840 13.271514 1.135594 -nan 1.834615
10.302865 13.166579 1.136191 -nan 1.980148
10.962479 13.089849 1.294770 -nan 1.563200
10.753080 13.061010 1.176508 -nan 1.400590
11.186055 12.609584 1.302881 -nan 1.138132
11.514971 12.824026 1.241661 -nan 1.101628
11.559024 13.324998 1.485180 -nan 1.131324
11.201507 13.127483 1.266548 -nan 1.276407
11.288182 13.241878 1.242961 -nan 1.486346
11.723158 13.745896 1.149475 -nan 1.338044
11.954451 13.395673 1.049827 -nan 1.442429
12.148505 13.173994 1.336395 -nan 1.347731
11.878784 13.081395 1.760581 -nan 1.088584
11.658060 13.090922 1.715833 -nan 1.193673
11.916363 12.726368 1.817886 -nan 1.221976
12.186803 12.238233 2.027336 -nan 1.531600
11.710213 12.542270 1.688167 -nan 1.609953
11.782039 12.230604 1.603189 -nan 1.557501
11.612157 12.297797 1.944196 -nan 1.432067
11.820561 12.459519 1.683260 -nan 1.389609
11.931746 12.070286 1.907936 -nan 1.700348
12.105942 12.140666 2.060457 -nan 1.383350
12.085044 12.186927 2.167928 -nan 1.697534
11.812663 12.074068 2.688660 -nan 1.616466
11.610394 11.893844 2.285940 -nan 1.511895
11.708568 11.337165 2.471693 -nan 1.472783
11.638286 11.583447 2.080974 -nan 1.820033
11.227041 11.416593 1.856395 -nan 1.743949
11.739835 10.594756 2.129596 -nan 1.293639
11.788868 10.244728 2.125797 -nan 1.252028
11.701699 10.060629 1.977994 -nan 1.270896
11.539231 9.725555 2.323612 -nan 1.787008
11.566195 9.660421 1.845895 -nan 1.557955
11.738985 9.764294 1.685600 -nan 1.497071
11.123826 9.370558 1.655948 -nan 1.388192
11.182683 9.221540 1.705706 -nan 1.404121
11.298824 9.036505 1.415172 -nan 1.478586
11.368671 8.904549 1.470967 -nan 1.565486
11.349488 8.824465 1.473332 -nan 1.335354
11.795718 8.392559 1.898899 -nan 1.510117
12.199247 8.077102 1.555277 -nan 1.560299
12.027575 8.340836 1.274520 -nan 1.469380
11.840016 8.798191 1.167174 -nan 1.685408
11.955561 9.266134 1.103590 -nan 1.418623
11.804744 9.202171 1.243334 -nan 1.353031
11.579471 9.913072 1.310974 -nan 1.282050
11.344274 10.010108 1.350764 -nan 1.303748
10.952293 9.749899 1.476234 -nan 1.328095
11.142953 9.922430 1.740145 -nan 1.371151
11.345248 9.652970 1.723869 -nan 1.583650
10.566579 9.977171 1.914859 -nan 1.859963
10.887342 9.803885 2.344986 -nan 1.670409
11.069705 10.106602 2.152321 -nan 1.910523
11.146929 10.256616 1.816650 -nan 1.990058
11.460176 10.033200 2.056341 -nan 1.975116
10.985993 9.953984 1.848939 -nan 1.833397
10.707174 9.862220 1.724573 -nan 1.734446
10.338471 9.726579 1.777861 -nan 2.087804
10.329702 9.575228 1.737312 -nan 2.241362
10.326006 9.258721 1.729485 -nan 2.498891
10.499262 9.314770 2.041890 -nan 2.201792
10.613272 9.472650 2.154975 -nan 2.174322
10.413415 9.254457 2.068781 -nan 2.088727
10.271702 8.942140 2.477991 -nan 2.396309
10.205289 9.214549 2.384635 -nan 2.589354
10.459892 8.908554 2.508365 -nan 2.277457
10.485657 9.007548 2.381579 -nan 2.652148
10.745453 9.193199 2.430911 -nan 3.153479
10.327505 8.822617 2.212634 -nan 3.723829
10.051673 8.499878 2.331968 -nan 3.891254
10.615014 8.834206 2.236050 -nan 3.820918
10.717205 8.437189 2.136013 -nan 3.845572
10.644490 8.479221 2.375017 -nan 4.444676
10.474405 8.271130 2.392330 -nan 4.538853
10.872370 7.822840 2.708712 -nan 4.145350
11.074396 7.746914 2.860250 -nan 4.360477
10.769800 7.786801 2.859394 -nan 4.622422
11.068692 8.011691 2.984058 -nan 4.720720
11.349822 7.659768 2.909707 -nan 4.524589
11.747735 8.082773 3.613166 -nan 4.210367
12.180480 8.009108 3.309040 -nan 4.100027
11.988813 7.800282 3.303454 -nan 3.932613
11.397895 7.902608 3.266570 -nan 3.750725
10.975461 8.346240 3.235284 -nan 3.820222
10.462965 7.669245 3.127052 -nan 3.836227
10.246814 7.872543 2.910572 -nan 3.468314
10.578183 8.284378 2.429935 -nan 3.338452
10.555936 8.127148 2.244462 -nan 3.228576
10.795865 8.200449 2.386891 -nan 3.051784
10.755973 8.120629 2.267755 -nan 2.923592
10.864097 8.416839 1.955191 -nan 2.907360
11.133315 8.336295 2.039729 -nan 2.837638
10.982823 8.347969 2.113974 -nan 3.043272
10.380729 8.622909 1.989452 -nan 3.133539
9.999156 8.345570 2.257394 -nan 3.190787
9.944674 8.173373 2.075248 -nan 3.514305
8.964354 7.833477 1.987392 -nan 3.424183
8.869862 8.210971 1.908945 -nan 3.716662
9.005100 8.231958 2.122029 -nan 3.711440
8.658838 8.549094 2.173635 -nan 3.829263
8.522457 8.490295 2.163574 -nan 4.053296
8.742118 8.369562 2.278782 -nan 4.220403
8.435808 7.988173 2.146213 -nan 4.433124
8.472275 8.005940 1.585764 -nan 4.164255
